0,主体,255,3,255,0.000006,-0.004021,0.350000,0.999048,0.000159,0.043619,0.000000,0.999993,-0.003637,-0.043619,0.003633,0.999042,0.000000,-0.000000,0.000000,0.000000
1,头部,255,255,2,0.008978,-0.004769,0.555503,0.999048,0.000159,0.043619,0.000000,0.999993,-0.003637,-0.043619,0.003633,0.999042,0.000000,-0.000000,0.000000,0.000000
2,颈前摆,255,1,3,0.006427,-0.004556,0.497059,0.999048,0.000159,0.043619,0.000000,0.999993,-0.003637,-0.043619,0.003633,0.999042,0.000000,-0.000000,0.000000,0.000000
3,颈旋转,4,2,0,0.004551,-0.004400,0.454100,0.999048,0.000159,0.043619,0.000000,0.999993,-0.003637,-0.043619,0.003633,0.999042,0.000000,-0.000000,0.000000,0.000000
4,右大臂前摆,8,5,0,0.004541,-0.067599,0.453871,0.999048,0.000159,0.043619,0.000000,0.999993,-0.003637,-0.043619,0.003633,0.999042,0.000000,-0.000000,0.000000,0.000000
5,右大臂侧摆,255,6,4,0.004533,-0.116899,0.453691,0.999048,0.000159,0.043619,0.000000,0.999993,-0.003637,-0.043619,0.003633,0.999042,0.000000,-0.000000,0.000000,0.000000
6,右臂肘前摆,255,7,5,-0.000226,-0.116502,0.344696,0.999048,0.000159,0.043619,0.000000,0.999993,-0.003637,-0.043619,0.003633,0.999042,0.000000,-0.000000,0.000000,0.000000
7,右手端,255,255,6,-0.006332,-0.115993,0.204830,0.999048,0.000159,0.043619,0.000000,0.999993,-0.003637,-0.043619,0.003633,0.999042,0.000000,-0.000000,0.000000,0.000000
8,左大臂前摆,12,9,0,0.004561,0.058800,0.454330,0.999048,0.000159,0.043619,0.000000,0.999993,-0.003637,-0.043619,0.003633,0.999042,0.000000,-0.000000,0.000000,0.000000
9,左大臂侧摆,255,10,8,0.004569,0.108100,0.454509,0.999048,0.000159,0.043619,0.000000,0.999993,-0.003637,-0.043619,0.003633,0.999042,0.000000,-0.000000,0.000000,0.000000
10,左臂肘前摆,255,11,9,-0.000190,0.108496,0.345513,0.999048,0.000159,0.043619,0.000000,0.999993,-0.003637,-0.043619,0.003633,0.999042,0.000000,-0.000000,0.000000,0.000000
11,左手端,255,255,10,-0.006297,0.109006,0.205648,0.999048,0.000159,0.043619,0.000000,0.999993,-0.003637,-0.043619,0.003633,0.999042,0.000000,-0.000000,0.000000,0.000000
12,右髋前摆,19,13,0,-0.002183,-0.056638,0.299856,0.937810,0.000159,-0.347150,-0.001410,0.999993,-0.003352,0.347147,0.003633,0.937804,-0.398163,-0.000000,0.000000,0.000000
13,右髋侧摆,255,14,12,-0.002183,-0.056638,0.299856,0.937810,-0.003590,-0.347132,-0.001410,0.999899,-0.014149,0.347147,0.013759,0.937710,0.010797,-0.000000,0.000000,0.000000
14,右髋旋转,255,15,13,0.035723,-0.055093,0.197458,0.937816,0.000000,-0.347132,-0.005237,0.999886,-0.014149,0.347092,0.015087,0.937710,-0.003828,-0.000000,0.000000,0.000000
15,右膝前摆,255,16,14,0.051934,-0.054433,0.153667,0.901496,0.000000,0.432788,0.006529,0.999886,-0.013601,-0.432739,0.015087,0.901393,0.802094,-0.000000,0.000000,0.000000
16,右踝前摆,255,17,15,-0.000000,-0.052800,0.045500,0.999048,0.000000,-0.043619,-0.000658,0.999886,-0.015073,0.043614,0.015087,0.998935,-0.491217,-0.000000,0.000000,0.000000
17,右踝侧摆,255,18,16,-0.000000,-0.052800,0.045500,0.999048,0.000817,-0.043612,-0.000658,0.999993,0.003651,0.043614,-0.003619,0.999042,-0.018724,-0.000000,0.000000,0.000000
18,右脚端,255,255,17,0.001984,-0.052967,0.000044,0.999048,0.000817,-0.043612,-0.000658,0.999993,0.003651,0.043614,-0.003619,0.999042,0.000000,-0.000000,0.000000,0.000000
19,左髋前摆,255,20,0,-0.002167,0.048961,0.300240,0.938903,0.000159,-0.344181,-0.001399,0.999993,-0.003357,0.344178,0.003633,0.938897,-0.394999,-0.000000,0.000000,0.000000
20,左髋侧摆,255,21,19,-0.002167,0.048961,0.300240,0.938903,-0.003556,-0.344163,-0.001399,0.999899,-0.014148,0.344178,0.013766,0.938803,0.010792,-0.000000,0.000000,0.000000
21,左髋旋转,255,22,20,0.035416,0.050506,0.197722,0.938910,-0.000000,-0.344163,-0.005186,0.999886,-0.014148,0.344124,0.015069,0.938803,-0.003787,-0.000000,0.000000,0.000000
22,左膝前摆,255,23,21,0.051488,0.051167,0.153880,0.903272,-0.000000,0.429069,0.006466,0.999886,-0.013611,-0.429020,0.015069,0.903169,0.794809,-0.000000,0.000000,0.000000
23,左踝前摆,255,24,22,-0.000000,0.052800,0.045500,0.999048,-0.000000,-0.043619,-0.000657,0.999886,-0.015055,0.043614,0.015069,0.998935,-0.487095,-0.000000,0.000000,0.000000
24,左踝侧摆,255,25,23,-0.000000,0.052800,0.045500,0.999048,0.000816,-0.043612,-0.000657,0.999993,0.003651,0.043614,-0.003619,0.999042,-0.018706,-0.000000,0.000000,0.000000
25,左脚端,255,255,24,0.001984,0.052634,0.000044,0.999048,0.000816,-0.043612,-0.000657,0.999993,0.003651,0.043614,-0.003619,0.999042,0.000000,-0.000000,0.000000,0.000000
0,主体,255,3,255,0.000042,-0.008020,0.350000,0.999661,-0.000539,-0.026020,0.000000,0.999785,-0.020721,0.026026,0.020714,0.999447,0.000000,-0.000000,-0.010560,0.000000
1,头部,255,255,2,-0.005310,-0.012282,0.555586,0.999661,-0.000539,-0.026020,0.000000,0.999785,-0.020721,0.026026,0.020714,0.999447,0.000000,-0.000000,-0.010560,0.000000
2,颈前摆,255,1,3,-0.003788,-0.011070,0.497119,0.999661,-0.000539,-0.026020,0.000000,0.999785,-0.020721,0.026026,0.020714,0.999447,0.000000,-0.000000,-0.010560,0.000000
3,颈旋转,4,2,0,-0.002669,-0.010179,0.454142,0.999661,-0.000539,-0.026020,0.000000,0.999785,-0.020721,0.026026,0.020714,0.999447,0.000000,-0.000000,-0.010560,0.000000
4,右大臂前摆,8,5,0,-0.002635,-0.073365,0.452833,0.999661,-0.000539,-0.026020,0.000000,0.999785,-0.020721,0.026026,0.020714,0.999447,0.000000,-0.000000,-0.010560,0.000000
5,右大臂侧摆,255,6,4,-0.002608,-0.122655,0.451812,0.999661,-0.000539,-0.026020,0.000000,0.999785,-0.020721,0.026026,0.020714,0.999447,0.000000,-0.000000,-0.010560,0.000000
6,右臂肘前摆,255,7,5,0.000230,-0.120394,0.342772,0.999661,-0.000539,-0.026020,0.000000,0.999785,-0.020721,0.026026,0.020714,0.999447,0.000000,-0.000000,-0.010560,0.000000
7,右手端,255,255,6,0.003873,-0.117493,0.202850,0.999661,-0.000539,-0.026020,0.000000,0.999785,-0.020721,0.026026,0.020714,0.999447,0.000000,-0.000000,-0.010560,0.000000
8,左大臂前摆,12,9,0,-0.002703,0.053007,0.455451,0.999661,-0.000539,-0.026020,0.000000,0.999785,-0.020721,0.026026,0.020714,0.999447,0.000000,-0.000000,-0.010560,0.000000
9,左大臂侧摆,255,10,8,-0.002730,0.102297,0.456473,0.999661,-0.000539,-0.026020,0.000000,0.999785,-0.020721,0.026026,0.020714,0.999447,0.000000,-0.000000,-0.010560,0.000000
10,左臂肘前摆,255,11,9,0.000109,0.104557,0.347433,0.999661,-0.000539,-0.026020,0.000000,0.999785,-0.020721,0.026026,0.020714,0.999447,0.000000,-0.000000,-0.010560,0.000000
11,左手端,255,255,10,0.003752,0.107458,0.207511,0.999661,-0.000539,-0.026020,0.000000,0.999785,-0.020721,0.026026,0.020714,0.999447,0.000000,-0.000000,-0.010560,0.000000
12,右髋前摆,19,13,0,0.001372,-0.059772,0.298934,0.940275,-0.000539,-0.340414,-0.006544,0.999785,-0.019661,0.340352,0.020714,0.940070,-0.321334,-0.000000,-0.010560,0.000000
13,右髋侧摆,255,14,12,0.001372,-0.059772,0.298934,0.940275,-0.002649,-0.340404,-0.006544,0.999644,-0.025858,0.340352,0.026541,0.939924,0.006199,-0.000000,-0.010560,0.000000
14,右髋旋转,255,15,13,0.038544,-0.056949,0.196294,0.940279,0.000000,-0.340404,-0.009361,0.999622,-0.025858,0.340275,0.027500,0.939924,-0.002818,-0.000000,-0.010560,0.000000
15,右膝前摆,255,16,14,0.054441,-0.055741,0.152400,0.891170,0.000000,0.453669,0.012476,0.999622,-0.024507,-0.453498,0.027500,0.890833,0.818225,-0.000000,-0.010560,0.000000
16,右踝前摆,255,17,15,0.000000,-0.052800,0.045500,0.999661,0.000000,0.026026,0.000715,0.999622,-0.027491,-0.026016,0.027500,0.999283,-0.444850,-0.000000,-0.010560,0.000000
17,右踝侧摆,255,18,16,0.000000,-0.052800,0.045500,0.999661,-0.001254,0.025995,0.000715,0.999785,0.020731,-0.026016,-0.020705,0.999447,-0.048226,-0.000000,-0.010560,0.000000
18,右脚端,255,255,17,-0.001182,-0.053744,0.000025,0.999661,-0.001254,0.025995,0.000715,0.999785,0.020731,-0.026016,-0.020705,0.999447,0.000000,-0.000000,-0.010560,0.000000
19,左髋前摆,255,20,0,0.001315,0.045805,0.301121,0.946042,-0.000539,-0.324045,-0.006202,0.999785,-0.019771,0.323986,0.020714,0.945835,-0.303979,-0.000000,-0.010560,0.000000
20,左髋侧摆,255,21,19,0.001315,0.045805,0.301121,0.946042,-0.002519,-0.324036,-0.006202,0.999646,-0.025879,0.323986,0.026493,0.945691,0.006109,-0.000000,-0.010560,0.000000
21,左髋旋转,255,22,20,0.036699,0.048631,0.197852,0.946045,-0.000000,-0.324036,-0.008864,0.999626,-0.025879,0.323914,0.027355,0.945691,-0.002663,-0.000000,-0.010560,0.000000
22,左膝前摆,255,23,21,0.051832,0.049839,0.153688,0.901906,-0.000000,0.431933,0.011816,0.999626,-0.024672,-0.431771,0.027355,0.901568,0.776627,-0.000000,-0.010560,0.000000
23,左踝前摆,255,24,22,-0.000000,0.052800,0.045500,0.999661,-0.000000,0.026026,0.000712,0.999626,-0.027346,-0.026016,0.027355,0.999287,-0.420606,-0.000000,-0.010560,0.000000
24,左踝侧摆,255,25,23,-0.000000,0.052800,0.045500,0.999661,-0.001251,0.025996,0.000712,0.999785,0.020731,-0.026016,-0.020705,0.999447,-0.048081,-0.000000,-0.010560,0.000000
25,左脚端,255,255,24,-0.001183,0.051857,0.000025,0.999661,-0.001251,0.025996,0.000712,0.999785,0.020731,-0.026016,-0.020705,0.999447,0.000000,-0.000000,-0.010560,0.000000
0,主体,255,3,255,0.000120,-0.011956,0.350000,0.999946,0.000097,-0.010377,0.000000,0.999956,0.009374,0.010378,-0.009374,0.999902,0.000000,-0.000000,-0.021120,0.000000
1,头部,255,255,2,-0.002014,-0.010028,0.555680,0.999946,0.000097,-0.010377,0.000000,0.999956,0.009374,0.010378,-0.009374,0.999902,0.000000,-0.000000,-0.021120,0.000000
2,颈前摆,255,1,3,-0.001407,-0.010576,0.497186,0.999946,0.000097,-0.010377,0.000000,0.999956,0.009374,0.010378,-0.009374,0.999902,0.000000,-0.000000,-0.021120,0.000000
3,颈旋转,4,2,0,-0.000961,-0.010980,0.454190,0.999946,0.000097,-0.010377,0.000000,0.999956,0.009374,0.010378,-0.009374,0.999902,0.000000,-0.000000,-0.021120,0.000000
4,右大臂前摆,8,5,0,-0.000967,-0.074177,0.454782,0.999946,0.000097,-0.010377,0.000000,0.999956,0.009374,0.010378,-0.009374,0.999902,0.000000,-0.000000,-0.021120,0.000000
5,右大臂侧摆,255,6,4,-0.000972,-0.123475,0.455244,0.999946,0.000097,-0.010377,0.000000,0.999956,0.009374,0.010378,-0.009374,0.999902,0.000000,-0.000000,-0.021120,0.000000
6,右臂肘前摆,255,7,5,0.000160,-0.124497,0.346155,0.999946,0.000097,-0.010377,0.000000,0.999956,0.009374,0.010378,-0.009374,0.999902,0.000000,-0.000000,-0.021120,0.000000
7,右手端,255,255,6,0.001613,-0.125810,0.206169,0.999946,0.000097,-0.010377,0.000000,0.999956,0.009374,0.010378,-0.009374,0.999902,0.000000,-0.000000,-0.021120,0.000000
8,左大臂前摆,12,9,0,-0.000955,0.052218,0.453597,0.999946,0.000097,-0.010377,0.000000,0.999956,0.009374,0.010378,-0.009374,0.999902,0.000000,-0.000000,-0.021120,0.000000
9,左大臂侧摆,255,10,8,-0.000950,0.101516,0.453135,0.999946,0.000097,-0.010377,0.000000,0.999956,0.009374,0.010378,-0.009374,0.999902,0.000000,-0.000000,-0.021120,0.000000
10,左臂肘前摆,255,11,9,0.000182,0.100493,0.344046,0.999946,0.000097,-0.010377,0.000000,0.999956,0.009374,0.010378,-0.009374,0.999902,0.000000,-0.000000,-0.021120,0.000000
11,左手端,255,255,10,0.001635,0.099180,0.204060,0.999946,0.000097,-0.010377,0.000000,0.999956,0.009374,0.010378,-0.009374,0.999902,0.000000,-0.000000,-0.021120,0.000000
12,右髋前摆,19,13,0,0.000634,-0.065223,0.300500,0.943881,0.000097,-0.330286,0.003004,0.999956,0.008880,0.330272,-0.009374,0.943839,-0.326229,-0.000000,-0.021120,0.000000
13,右髋侧摆,255,14,12,0.000634,-0.065223,0.300500,0.943881,-0.018004,-0.329795,0.003004,0.998940,-0.045936,0.330272,0.042367,0.942934,0.054832,-0.000000,-0.021120,0.000000
14,右髋旋转,255,15,13,0.036648,-0.060206,0.197531,0.944053,-0.000000,-0.329795,-0.016047,0.998815,-0.045936,0.329404,0.048658,0.942934,-0.019072,-0.000000,-0.021120,0.000000
15,右膝前摆,255,16,14,0.052049,-0.058061,0.153496,0.901037,-0.000000,0.433743,0.021105,0.998815,-0.043843,-0.433229,0.048658,0.899969,0.784729,-0.000000,-0.021120,0.000000
16,右踝前摆,255,17,15,-0.000000,-0.052800,0.045500,0.999946,-0.000000,0.010378,0.000505,0.998815,-0.048656,-0.010365,0.048658,0.998762,-0.438265,-0.000000,-0.021120,0.000000
17,右踝侧摆,255,18,16,-0.000000,-0.052800,0.045500,0.999946,-0.000408,0.010370,0.000505,0.999956,-0.009372,-0.010365,0.009376,0.999902,-0.039303,-0.000000,-0.021120,0.000000
18,右脚端,255,255,17,-0.000472,-0.052374,0.000004,0.999946,-0.000408,0.010370,0.000505,0.999956,-0.009372,-0.010365,0.009376,0.999902,0.000000,-0.000000,-0.021120,0.000000
19,左髋前摆,255,20,0,0.000644,0.040373,0.299510,0.941221,0.000097,-0.337790,0.003075,0.999956,0.008856,0.337776,-0.009374,0.941180,-0.334191,-0.000000,-0.021120,0.000000
20,左髋侧摆,255,21,19,0.000644,0.040373,0.299510,0.941221,-0.018430,-0.337287,0.003075,0.998937,-0.046003,0.337776,0.042262,0.940277,0.054875,-0.000000,-0.021120,0.000000
21,左髋旋转,255,22,20,0.037476,0.045396,0.196832,0.941402,-0.000000,-0.337287,-0.016482,0.998805,-0.046003,0.336884,0.048866,0.940277,-0.019578,-0.000000,-0.021120,0.000000
22,左膝前摆,255,23,21,0.053227,0.047544,0.152921,0.896244,-0.000000,0.443562,0.021675,0.998805,-0.043796,-0.443032,0.048866,0.895173,0.803603,-0.000000,-0.021120,0.000000
23,左踝前摆,255,24,22,-0.000000,0.052800,0.045500,0.999946,-0.000000,0.010378,0.000507,0.998805,-0.048863,-0.010365,0.048866,0.998752,-0.449191,-0.000000,-0.021120,0.000000
24,左踝侧摆,255,25,23,-0.000000,0.052800,0.045500,0.999946,-0.000410,0.010370,0.000507,0.999956,-0.009372,-0.010365,0.009376,0.999902,-0.039511,-0.000000,-0.021120,0.000000
25,左脚端,255,255,24,-0.000472,0.053226,0.000004,0.999946,-0.000410,0.010370,0.000507,0.999956,-0.009372,-0.010365,0.009376,0.999902,0.000000,-0.000000,-0.021120,0.000000
0,主体,255,3,255,0.000239,-0.015797,0.350000,0.999985,-0.000038,0.005468,0.000000,0.999976,0.006902,-0.005468,-0.006902,0.999961,0.000000,-0.000000,-0.031680,0.000000
1,头部,255,255,2,0.001364,-0.014377,0.555692,0.999985,-0.000038,0.005468,0.000000,0.999976,0.006902,-0.005468,-0.006902,0.999961,0.000000,-0.000000,-0.031680,0.000000
2,颈前摆,255,1,3,0.001044,-0.014781,0.497194,0.999985,-0.000038,0.005468,0.000000,0.999976,0.006902,-0.005468,-0.006902,0.999961,0.000000,-0.000000,-0.031680,0.000000
3,颈旋转,4,2,0,0.000809,-0.015078,0.454196,0.999985,-0.000038,0.005468,0.000000,0.999976,0.006902,-0.005468,-0.006902,0.999961,0.000000,-0.000000,-0.031680,0.000000
4,右大臂前摆,8,5,0,0.000811,-0.078276,0.454632,0.999985,-0.000038,0.005468,0.000000,0.999976,0.006902,-0.005468,-0.006902,0.999961,0.000000,-0.000000,-0.031680,0.000000
5,右大臂侧摆,255,6,4,0.000813,-0.127575,0.454972,0.999985,-0.000038,0.005468,0.000000,0.999976,0.006902,-0.005468,-0.006902,0.999961,0.000000,-0.000000,-0.031680,0.000000
6,右臂肘前摆,255,7,5,0.000217,-0.128328,0.345877,0.999985,-0.000038,0.005468,0.000000,0.999976,0.006902,-0.005468,-0.006902,0.999961,0.000000,-0.000000,-0.031680,0.000000
7,右手端,255,255,6,-0.000549,-0.129294,0.205882,0.999985,-0.000038,0.005468,0.000000,0.999976,0.006902,-0.005468,-0.006902,0.999961,0.000000,-0.000000,-0.031680,0.000000
8,左大臂前摆,12,9,0,0.000807,0.048121,0.453760,0.999985,-0.000038,0.005468,0.000000,0.999976,0.006902,-0.005468,-0.006902,0.999961,0.000000,-0.000000,-0.031680,0.000000
9,左大臂侧摆,255,10,8,0.000805,0.097420,0.453419,0.999985,-0.000038,0.005468,0.000000,0.999976,0.006902,-0.005468,-0.006902,0.999961,0.000000,-0.000000,-0.031680,0.000000
10,左臂肘前摆,255,11,9,0.000208,0.096667,0.344324,0.999985,-0.000038,0.005468,0.000000,0.999976,0.006902,-0.005468,-0.006902,0.999961,0.000000,-0.000000,-0.031680,0.000000
11,左手端,255,255,10,-0.000557,0.095700,0.204329,0.999985,-0.000038,0.005468,0.000000,0.999976,0.006902,-0.005468,-0.006902,0.999961,0.000000,-0.000000,-0.031680,0.000000
12,右髋前摆,19,13,0,-0.000032,-0.068941,0.300366,0.943133,-0.000038,-0.332415,0.002330,0.999976,0.006497,0.332407,-0.006902,0.943111,-0.344332,-0.000000,-0.031680,0.000000
13,右髋侧摆,255,14,12,-0.000032,-0.068941,0.300366,0.943133,-0.022014,-0.331686,0.002330,0.998218,-0.059625,0.332407,0.055462,0.941504,0.066158,-0.000000,-0.031680,0.000000
14,右髋旋转,255,15,13,0.036188,-0.062430,0.197554,0.943390,-0.000000,-0.331686,-0.020963,0.998001,-0.059625,0.331022,0.063203,0.941504,-0.023337,-0.000000,-0.031680,0.000000
15,右膝前摆,255,16,14,0.051678,-0.059645,0.153586,0.902521,-0.000000,0.430647,0.027218,0.998001,-0.057042,-0.429786,0.063203,0.900716,0.783299,-0.000000,-0.031680,0.000000
16,右踝前摆,255,17,15,-0.000000,-0.052800,0.045500,0.999985,-0.000000,-0.005468,-0.000345,0.998001,-0.063202,0.005457,0.063203,0.997986,-0.450678,-0.000000,-0.031680,0.000000
17,右踝侧摆,255,18,16,-0.000000,-0.052800,0.045500,0.999985,0.000308,-0.005460,-0.000345,0.999976,-0.006901,0.005457,0.006903,0.999961,-0.056343,-0.000000,-0.031680,0.000000
18,右脚端,255,255,17,0.000248,-0.052486,0.000002,0.999985,0.000308,-0.005460,-0.000345,0.999976,-0.006901,0.005457,0.006903,0.999961,0.000000,-0.000000,-0.031680,0.000000
19,左髋前摆,255,20,0,-0.000036,0.036657,0.299638,0.941140,-0.000038,-0.338016,0.002369,0.999976,0.006483,0.338008,-0.006902,0.941118,-0.350277,-0.000000,-0.031680,0.000000
20,左髋侧摆,255,21,19,-0.000036,0.036657,0.299638,0.941140,-0.022397,-0.337274,0.002369,0.998215,-0.059679,0.338008,0.055368,0.939513,0.066198,-0.000000,-0.031680,0.000000
21,左髋旋转,255,22,20,0.036794,0.043174,0.197043,0.941407,-0.000000,-0.337274,-0.021381,0.997989,-0.059679,0.336595,0.063394,0.939513,-0.023794,-0.000000,-0.031680,0.000000
22,左膝前摆,255,23,21,0.052545,0.045961,0.153167,0.899037,-0.000000,0.437873,0.027759,0.997989,-0.056993,-0.436992,0.063394,0.897228,0.797251,-0.000000,-0.031680,0.000000
23,左踝前摆,255,24,22,-0.000000,0.052800,0.045500,0.999985,-0.000000,-0.005468,-0.000346,0.997989,-0.063393,0.005457,0.063394,0.997974,-0.458700,-0.000000,-0.031680,0.000000
24,左踝侧摆,255,25,23,-0.000000,0.052800,0.045500,0.999985,0.000309,-0.005460,-0.000346,0.999976,-0.006901,0.005457,0.006903,0.999961,-0.056534,-0.000000,-0.031680,0.000000
25,左脚端,255,255,24,0.000248,0.053114,0.000002,0.999985,0.000309,-0.005460,-0.000346,0.999976,-0.006901,0.005457,0.006903,0.999961,0.000000,-0.000000,-0.031680,0.000000
0,主体,255,3,255,0.000395,-0.019487,0.350000,0.999748,-0.000980,-0.022437,0.000000,0.999048,-0.043619,0.022459,0.043608,0.998796,0.000000,-0.000000,-0.042240,0.000000
1,头部,255,255,2,-0.004220,-0.028460,0.555452,0.999748,-0.000980,-0.022437,0.000000,0.999048,-0.043619,0.022459,0.043608,0.998796,0.000000,-0.000000,-0.042240,0.000000
2,颈前摆,255,1,3,-0.002908,-0.025908,0.497023,0.999748,-0.000980,-0.022437,0.000000,0.999048,-0.043619,0.022459,0.043608,0.998796,0.000000,-0.000000,-0.042240,0.000000
3,颈旋转,4,2,0,-0.001943,-0.024033,0.454075,0.999748,-0.000980,-0.022437,0.000000,0.999048,-0.043619,0.022459,0.043608,0.998796,0.000000,-0.000000,-0.042240,0.000000
4,右大臂前摆,8,5,0,-0.001881,-0.087172,0.451319,0.999748,-0.000980,-0.022437,0.000000,0.999048,-0.043619,0.022459,0.043608,0.998796,0.000000,-0.000000,-0.042240,0.000000
5,右大臂侧摆,255,6,4,-0.001833,-0.136426,0.449169,0.999748,-0.000980,-0.022437,0.000000,0.999048,-0.043619,0.022459,0.043608,0.998796,0.000000,-0.000000,-0.042240,0.000000
6,右臂肘前摆,255,7,5,0.000615,-0.131667,0.340200,0.999748,-0.000980,-0.022437,0.000000,0.999048,-0.043619,0.022459,0.043608,0.998796,0.000000,-0.000000,-0.042240,0.000000
7,右手端,255,255,6,0.003756,-0.125560,0.200368,0.999748,-0.000980,-0.022437,0.000000,0.999048,-0.043619,0.022459,0.043608,0.998796,0.000000,-0.000000,-0.042240,0.000000
8,左大臂前摆,12,9,0,-0.002005,0.039107,0.456831,0.999748,-0.000980,-0.022437,0.000000,0.999048,-0.043619,0.022459,0.043608,0.998796,0.000000,-0.000000,-0.042240,0.000000
9,左大臂侧摆,255,10,8,-0.002053,0.088360,0.458981,0.999748,-0.000980,-0.022437,0.000000,0.999048,-0.043619,0.022459,0.043608,0.998796,0.000000,-0.000000,-0.042240,0.000000
10,左臂肘前摆,255,11,9,0.000395,0.093119,0.350012,0.999748,-0.000980,-0.022437,0.000000,0.999048,-0.043619,0.022459,0.043608,0.998796,0.000000,-0.000000,-0.042240,0.000000
11,左手端,255,255,10,0.003536,0.099226,0.210180,0.999748,-0.000980,-0.022437,0.000000,0.999048,-0.043619,0.022459,0.043608,0.998796,0.000000,-0.000000,-0.042240,0.000000
12,右髋前摆,19,13,0,0.001569,-0.070056,0.297758,0.938691,-0.000980,-0.344759,-0.014116,0.999048,-0.041272,0.344472,0.043608,0.937783,-0.329543,-0.000000,-0.042240,0.000000
13,右髋侧摆,255,14,12,0.001569,-0.070056,0.297758,0.938691,-0.008849,-0.344647,-0.014116,0.997846,-0.064066,0.344472,0.065003,0.936544,0.022828,-0.000000,-0.042240,0.000000
14,右髋旋转,255,15,13,0.039204,-0.063060,0.195487,0.938732,-0.000000,-0.344647,-0.023521,0.997668,-0.064066,0.343844,0.068247,0.936544,-0.009426,-0.000000,-0.042240,0.000000
15,右膝前摆,255,16,14,0.055299,-0.060068,0.151751,0.887491,-0.000000,0.460825,0.031450,0.997668,-0.060569,-0.459751,0.068247,0.885422,0.830788,-0.000000,-0.042240,0.000000
16,右踝前摆,255,17,15,0.000000,-0.052800,0.045500,0.999748,-0.000000,0.022459,0.001533,0.997668,-0.068230,-0.022406,0.068247,0.997417,-0.456464,-0.000000,-0.042240,0.000000
17,右踝侧摆,255,18,16,0.000000,-0.052800,0.045500,0.999748,-0.002509,0.022318,0.001533,0.999046,0.043637,-0.022406,-0.043591,0.998798,-0.111934,-0.000000,-0.042240,0.000000
18,右脚端,255,255,17,-0.001015,-0.054786,0.000055,0.999748,-0.002509,0.022318,0.001533,0.999046,0.043637,-0.022406,-0.043591,0.998798,0.000000,-0.000000,-0.042240,0.000000
19,左髋前摆,255,20,0,0.001465,0.035443,0.302363,0.950830,-0.000980,-0.309711,-0.012575,0.999048,-0.041767,0.309457,0.043608,0.949913,-0.292449,-0.000000,-0.042240,0.000000
20,左髋侧摆,255,21,19,0.001465,0.035443,0.302363,0.950830,-0.007908,-0.309611,-0.012575,0.997864,-0.064106,0.309457,0.064847,0.948700,0.022372,-0.000000,-0.042240,0.000000
21,左髋旋转,255,22,20,0.035275,0.042444,0.198765,0.950863,-0.000000,-0.309611,-0.020873,0.997725,-0.064106,0.308907,0.067418,0.948700,-0.008316,-0.000000,-0.042240,0.000000
22,左膝前摆,255,23,21,0.049733,0.045437,0.154460,0.910074,-0.000000,0.414446,0.027941,0.997725,-0.061355,-0.413503,0.067418,0.908003,0.742118,-0.000000,-0.042240,0.000000
23,左踝前摆,255,24,22,-0.000000,0.052800,0.045500,0.999748,-0.000000,0.022459,0.001514,0.997725,-0.067401,-0.022408,0.067418,0.997473,-0.404873,-0.000000,-0.042240,0.000000
24,左踝侧摆,255,25,23,-0.000000,0.052800,0.045500,0.999748,-0.002490,0.022320,0.001514,0.999046,0.043636,-0.022408,-0.043592,0.998798,-0.111103,-0.000000,-0.042240,0.000000
25,左脚端,255,255,24,-0.001016,0.050815,0.000055,0.999748,-0.002490,0.022320,0.001514,0.999046,0.043636,-0.022408,-0.043592,0.998798,0.000000,-0.000000,-0.042240,0.000000
0,主体,255,3,255,0.000585,-0.022961,0.350000,0.999838,-0.000785,0.017984,0.000000,0.999048,0.043619,-0.018001,-0.043612,0.998886,0.000000,-0.000000,-0.052800,0.000000
1,头部,255,255,2,0.004284,-0.013989,0.555471,0.999838,-0.000785,0.017984,0.000000,0.999048,0.043619,-0.018001,-0.043612,0.998886,0.000000,-0.000000,-0.052800,0.000000
2,颈前摆,255,1,3,0.003232,-0.016540,0.497036,0.999838,-0.000785,0.017984,0.000000,0.999048,0.043619,-0.018001,-0.043612,0.998886,0.000000,-0.000000,-0.052800,0.000000
3,颈旋转,4,2,0,0.002459,-0.018416,0.454084,0.999838,-0.000785,0.017984,0.000000,0.999048,0.043619,-0.018001,-0.043612,0.998886,0.000000,-0.000000,-0.052800,0.000000
4,右大臂前摆,8,5,0,0.002509,-0.081556,0.456840,0.999838,-0.000785,0.017984,0.000000,0.999048,0.043619,-0.018001,-0.043612,0.998886,0.000000,-0.000000,-0.052800,0.000000
5,右大臂侧摆,255,6,4,0.002547,-0.130809,0.458990,0.999838,-0.000785,0.017984,0.000000,0.999048,0.043619,-0.018001,-0.043612,0.998886,0.000000,-0.000000,-0.052800,0.000000
6,右臂肘前摆,255,7,5,0.000585,-0.135568,0.350012,0.999838,-0.000785,0.017984,0.000000,0.999048,0.043619,-0.018001,-0.043612,0.998886,0.000000,-0.000000,-0.052800,0.000000
7,右手端,255,255,6,-0.001932,-0.141674,0.210168,0.999838,-0.000785,0.017984,0.000000,0.999048,0.043619,-0.018001,-0.043612,0.998886,0.000000,-0.000000,-0.052800,0.000000
8,左大臂前摆,12,9,0,0.002409,0.044724,0.451328,0.999838,-0.000785,0.017984,0.000000,0.999048,0.043619,-0.018001,-0.043612,0.998886,0.000000,-0.000000,-0.052800,0.000000
9,左大臂侧摆,255,10,8,0.002371,0.093977,0.449178,0.999838,-0.000785,0.017984,0.000000,0.999048,0.043619,-0.018001,-0.043612,0.998886,0.000000,-0.000000,-0.052800,0.000000
10,左臂肘前摆,255,11,9,0.000409,0.089218,0.340199,0.999838,-0.000785,0.017984,0.000000,0.999048,0.043619,-0.018001,-0.043612,0.998886,0.000000,-0.000000,-0.052800,0.000000
11,左手端,255,255,10,-0.002109,0.083111,0.200355,0.999838,-0.000785,0.017984,0.000000,0.999048,0.043619,-0.018001,-0.043612,0.998886,0.000000,-0.000000,-0.052800,0.000000
12,右髋前摆,19,13,0,-0.000273,-0.077892,0.302358,0.950197,-0.000785,-0.311649,0.014337,0.999048,0.041196,0.311320,-0.043612,0.949304,-0.334913,-0.000000,-0.052800,0.000000
13,右髋侧摆,255,14,12,-0.000273,-0.077892,0.302358,0.950197,-0.040113,-0.309057,0.014337,0.996258,-0.085227,0.311320,0.076552,0.947217,0.126551,-0.000000,-0.052800,0.000000
14,右髋旋转,255,15,13,0.033476,-0.068585,0.198922,0.951043,-0.000000,-0.309057,-0.027696,0.995977,-0.085227,0.307814,0.089614,0.947217,-0.042191,-0.000000,-0.052800,0.000000
15,右膝前摆,255,16,14,0.047909,-0.064605,0.154687,0.913113,-0.000000,0.407707,0.036537,0.995977,-0.081828,-0.406066,0.089614,0.909439,0.734143,-0.000000,-0.052800,0.000000
16,右踝前摆,255,17,15,-0.001015,-0.054786,0.045555,0.999838,-0.000000,-0.018001,-0.001613,0.995977,-0.089600,0.017929,0.089614,0.995815,-0.437943,-0.000000,-0.052800,0.000000
17,右踝侧摆,255,18,16,-0.001015,-0.054786,0.045555,0.999838,0.000829,-0.017982,-0.001613,0.999048,-0.043605,0.017929,0.043627,0.998887,-0.046102,-0.000000,-0.052800,0.000000
18,右脚端,255,255,17,-0.000197,-0.052801,0.000105,0.999838,0.000829,-0.017982,-0.001613,0.999048,-0.043605,0.017929,0.043627,0.998887,0.000000,-0.000000,-0.052800,0.000000
19,左髋前摆,255,20,0,-0.000356,0.027608,0.297753,0.937678,-0.000785,-0.347505,0.015891,0.999048,0.040622,0.347142,-0.043612,0.936798,-0.372893,-0.000000,-0.052800,0.000000
20,左髋侧摆,255,21,19,-0.000356,0.027608,0.297753,0.937678,-0.044709,-0.344617,0.015891,0.996168,-0.086000,0.347142,0.075164,0.934796,0.126755,-0.000000,-0.052800,0.000000
21,左髋旋转,255,22,20,0.037277,0.036999,0.195673,0.938743,-0.000000,-0.344617,-0.031571,0.995795,-0.086000,0.343168,0.091611,0.934796,-0.047644,-0.000000,-0.052800,0.000000
22,左膝前摆,255,23,21,0.053370,0.041015,0.152018,0.891401,-0.000000,0.453215,0.041520,0.995795,-0.081662,-0.451309,0.091611,0.887653,0.822200,-0.000000,-0.052800,0.000000
23,左踝前摆,255,24,22,-0.001016,0.050815,0.045500,0.999838,-0.000000,-0.018001,-0.001649,0.995795,-0.091597,0.017925,0.091611,0.995633,-0.488371,-0.000000,-0.052800,0.000000
24,左踝侧摆,255,25,23,-0.001016,0.050815,0.045500,0.999838,0.000865,-0.017980,-0.001649,0.999048,-0.043605,0.017925,0.043627,0.998887,-0.048107,-0.000000,-0.052800,0.000000
25,左脚端,255,255,24,-0.000197,0.052799,0.000051,0.999838,0.000865,-0.017980,-0.001649,0.999048,-0.043605,0.017925,0.043627,0.998887,0.000000,-0.000000,-0.052800,0.000000
0,主体,255,3,255,0.000809,-0.026153,0.350000,0.999988,0.000109,-0.004986,0.000000,0.999761,0.021864,0.004987,-0.021863,0.999749,0.000000,-0.000000,-0.052800,0.000000
1,头部,255,255,2,-0.000216,-0.021655,0.555648,0.999988,0.000109,-0.004986,0.000000,0.999761,0.021864,0.004987,-0.021863,0.999749,0.000000,-0.000000,-0.052800,0.000000
2,颈前摆,255,1,3,0.000075,-0.022935,0.497163,0.999988,0.000109,-0.004986,0.000000,0.999761,0.021864,0.004987,-0.021863,0.999749,0.000000,-0.000000,-0.052800,0.000000
3,颈旋转,4,2,0,0.000290,-0.023875,0.454174,0.999988,0.000109,-0.004986,0.000000,0.999761,0.021864,0.004987,-0.021863,0.999749,0.000000,-0.000000,-0.052800,0.000000
4,右大臂前摆,8,5,0,0.000283,-0.087060,0.455556,0.999818,0.000109,-0.019079,0.000308,0.999761,0.021862,0.019077,-0.021863,0.999579,-0.014094,-0.000000,-0.052800,0.000000
5,右大臂侧摆,255,6,4,0.000277,-0.136348,0.456633,0.999818,0.000109,-0.019079,0.000308,0.999761,0.021862,0.019077,-0.021863,0.999579,0.000000,-0.000000,-0.052800,0.000000
6,右臂肘前摆,255,7,5,0.002359,-0.138733,0.347579,0.999818,0.000109,-0.019079,0.000308,0.999761,0.021862,0.019077,-0.021863,0.999579,0.000000,-0.000000,-0.052800,0.000000
7,右手端,255,255,6,0.005030,-0.141793,0.207638,0.999818,0.000109,-0.019079,0.000308,0.999761,0.021862,0.019077,-0.021863,0.999579,0.000000,-0.000000,-0.052800,0.000000
8,左大臂前摆,12,9,0,0.000297,0.039310,0.452792,0.999959,0.000109,0.009108,-0.000308,0.999761,0.021862,-0.009103,-0.021863,0.999720,0.014094,-0.000000,-0.052800,0.000000
9,左大臂侧摆,255,10,8,0.000302,0.088598,0.451714,0.999959,0.000109,0.009108,-0.000308,0.999761,0.021862,-0.009103,-0.021863,0.999720,0.000000,-0.000000,-0.052800,0.000000
10,左臂肘前摆,255,11,9,-0.000692,0.086213,0.342645,0.999959,0.000109,0.009108,-0.000308,0.999761,0.021862,-0.009103,-0.021863,0.999720,0.000000,-0.000000,-0.052800,0.000000
11,左手端,255,255,10,-0.001967,0.083153,0.202684,0.999959,0.000109,0.009108,-0.000308,0.999761,0.021862,-0.009103,-0.021863,0.999720,0.000000,-0.000000,-0.052800,0.000000
12,右髋前摆,19,13,0,0.001053,-0.080033,0.301167,0.949354,0.000109,-0.314207,0.006766,0.999761,0.020790,0.314134,-0.021863,0.949127,-0.314635,-0.000000,-0.052800,0.000000
13,右髋侧摆,255,14,12,0.001053,-0.080033,0.301167,0.949354,-0.035732,-0.312169,0.006766,0.995607,-0.093384,0.314134,0.086542,0.945426,0.114315,-0.000000,-0.052800,0.000000
14,右髋旋转,255,15,13,0.035142,-0.069836,0.197926,0.950027,-0.000000,-0.312169,-0.030685,0.995157,-0.093384,0.310657,0.098296,0.945426,-0.037620,-0.000000,-0.052800,0.000000
15,右膝前摆,255,16,14,0.049720,-0.065475,0.153775,0.906226,-0.000000,0.422794,0.041559,0.995157,-0.089078,-0.420746,0.098296,0.901837,0.754001,-0.000000,-0.052800,0.000000
16,右踝前摆,255,17,15,-0.001015,-0.054786,0.045555,0.999988,-0.000000,0.004987,0.000490,0.995157,-0.098295,-0.004963,0.098296,0.995145,-0.431539,-0.000000,-0.052800,0.000000
17,右踝侧摆,255,18,16,-0.001015,-0.054786,0.045555,0.999988,-0.000382,0.004973,0.000490,0.999761,-0.021863,-0.004963,0.021865,0.999749,-0.076589,-0.000000,-0.052800,0.000000
18,右脚端,255,255,17,-0.001242,-0.053791,0.000066,0.999988,-0.000382,0.004973,0.000490,0.999761,-0.021863,-0.004963,0.021865,0.999749,0.000000,-0.000000,-0.052800,0.000000
19,左髋前摆,255,20,0,0.001064,0.025541,0.298858,0.942719,0.000109,-0.333587,0.007191,0.999761,0.020648,0.333510,-0.021863,0.942493,-0.335120,-0.000000,-0.052800,0.000000
20,左髋侧摆,255,21,19,0.001064,0.025541,0.298858,0.942719,-0.038007,-0.331415,0.007191,0.995573,-0.093719,0.333510,0.085967,0.938819,0.114508,-0.000000,-0.052800,0.000000
21,左髋旋转,255,22,20,0.037255,0.035775,0.196339,0.943485,-0.000000,-0.331415,-0.032920,0.995054,-0.093719,0.329776,0.099332,0.938819,-0.040294,-0.000000,-0.052800,0.000000
22,左膝前摆,255,23,21,0.052732,0.040152,0.152496,0.894789,-0.000000,0.446489,0.044351,0.995054,-0.088881,-0.444280,0.099332,0.890364,0.800640,-0.000000,-0.052800,0.000000
23,左踝前摆,255,24,22,-0.000847,0.050818,0.045653,0.999988,-0.000000,0.004987,0.000496,0.995054,-0.099331,-0.004963,0.099332,0.995042,-0.457850,-0.000000,-0.052800,0.000000
24,左踝侧摆,255,25,23,-0.000847,0.050818,0.045653,0.999988,-0.000387,0.004972,0.000496,0.999761,-0.021863,-0.004963,0.021865,0.999749,-0.077631,-0.000000,-0.052800,0.000000
25,左脚端,255,255,24,-0.001073,0.051813,0.000164,0.999988,-0.000387,0.004972,0.000496,0.999761,-0.021863,-0.004963,0.021865,0.999749,0.000000,-0.000000,-0.052800,0.000000
0,主体,255,3,255,0.001069,-0.028997,0.350000,0.999976,0.000083,0.006971,0.000000,0.999930,-0.011838,-0.006971,0.011838,0.999906,0.000000,-0.000000,-0.052800,0.000000
1,头部,255,255,2,0.002503,-0.031432,0.555681,0.999976,0.000083,0.006971,0.000000,0.999930,-0.011838,-0.006971,0.011838,0.999906,0.000000,-0.000000,-0.052800,0.000000
2,颈前摆,255,1,3,0.002096,-0.030740,0.497186,0.999976,0.000083,0.006971,0.000000,0.999930,-0.011838,-0.006971,0.011838,0.999906,0.000000,-0.000000,-0.052800,0.000000
3,颈旋转,4,2,0,0.001796,-0.030231,0.454190,0.999976,0.000083,0.006971,0.000000,0.999930,-0.011838,-0.006971,0.011838,0.999906,0.000000,-0.000000,-0.052800,0.000000
4,右大臂前摆,8,5,0,0.001791,-0.093426,0.453442,0.999775,0.000083,-0.021215,-0.000334,0.999930,-0.011833,0.021213,0.011838,0.999705,-0.028188,-0.000000,-0.052800,0.000000
5,右大臂侧摆,255,6,4,0.001786,-0.142723,0.452858,0.999775,0.000083,-0.021215,-0.000334,0.999930,-0.011833,0.021213,0.011838,0.999705,0.000000,-0.000000,-0.052800,0.000000
6,右臂肘前摆,255,7,5,0.004101,-0.141432,0.343791,0.999775,0.000083,-0.021215,-0.000334,0.999930,-0.011833,0.021213,0.011838,0.999705,0.000000,-0.000000,-0.052800,0.000000
7,右手端,255,255,6,0.007071,-0.139775,0.203832,0.999775,0.000083,-0.021215,-0.000334,0.999930,-0.011833,0.021213,0.011838,0.999705,0.000000,-0.000000,-0.052800,0.000000
8,左大臂前摆,12,9,0,0.001801,0.032965,0.454938,0.999382,0.000083,0.035151,0.000334,0.999930,-0.011833,-0.035150,0.011838,0.999312,0.028188,-0.000000,-0.052800,0.000000
9,左大臂侧摆,255,10,8,0.001805,0.082261,0.455522,0.999382,0.000083,0.035151,0.000334,0.999930,-0.011833,-0.035150,0.011838,0.999312,0.000000,-0.000000,-0.052800,0.000000
10,左臂肘前摆,255,11,9,-0.002030,0.083552,0.346497,0.999382,0.000083,0.035151,0.000334,0.999930,-0.011833,-0.035150,0.011838,0.999312,0.000000,-0.000000,-0.052800,0.000000
11,左手端,255,255,10,-0.006951,0.085209,0.206593,0.999382,0.000083,0.035151,0.000334,0.999930,-0.011833,-0.035150,0.011838,0.999312,0.000000,-0.000000,-0.052800,0.000000
12,右髋前摆,19,13,0,0.000716,-0.081202,0.299380,0.944768,0.000083,-0.327740,-0.003958,0.999930,-0.011157,0.327716,0.011838,0.944702,-0.340881,-0.000000,-0.052800,0.000000
13,右髋侧摆,255,14,12,0.000716,-0.081202,0.299380,0.944768,-0.028343,-0.326512,-0.003958,0.995194,-0.097840,0.327716,0.093728,0.940116,0.086840,-0.000000,-0.052800,0.000000
14,右髋旋转,255,15,13,0.036372,-0.070518,0.196719,0.945193,-0.000000,-0.326512,-0.033798,0.994628,-0.097840,0.324758,0.103513,0.940116,-0.029991,-0.000000,-0.052800,0.000000
15,右膝前摆,255,16,14,0.051620,-0.065948,0.152816,0.898670,-0.000000,0.438626,0.045404,0.994628,-0.093024,-0.436270,0.103513,0.893842,0.786680,-0.000000,-0.052800,0.000000
16,右踝前摆,255,17,15,-0.001015,-0.054786,0.045555,0.999976,-0.000000,-0.006971,-0.000721,0.994628,-0.103511,0.006934,0.103513,0.994604,-0.461041,-0.000000,-0.052800,0.000000
17,右踝侧摆,255,18,16,-0.001015,-0.054786,0.045555,0.999976,0.000803,-0.006925,-0.000721,0.999930,0.011841,0.006934,-0.011835,0.999906,-0.115537,-0.000000,-0.052800,0.000000
18,右脚端,255,255,17,-0.000700,-0.055324,0.000059,0.999976,0.000803,-0.006925,-0.000721,0.999930,0.011841,0.006934,-0.011835,0.999906,0.000000,-0.000000,-0.052800,0.000000
19,左髋前摆,255,20,0,0.000725,0.024391,0.300630,0.943876,0.000083,-0.330299,-0.003988,0.999930,-0.011146,0.330275,0.011838,0.943811,-0.343591,-0.000000,-0.052800,0.000000
20,左髋侧摆,255,21,19,0.000725,0.024391,0.300630,0.943876,-0.028545,-0.329063,-0.003988,0.995201,-0.097770,0.330275,0.093595,0.939233,0.086781,-0.000000,-0.052800,0.000000
21,左髋旋转,255,22,20,0.036659,0.035067,0.198066,0.944308,-0.000000,-0.329063,-0.034070,0.994626,-0.097770,0.327295,0.103536,0.939233,-0.030233,-0.000000,-0.052800,0.000000
22,左膝前摆,255,23,21,0.052026,0.039633,0.154203,0.901834,-0.000000,0.432082,0.044736,0.994626,-0.093372,-0.429760,0.103536,0.896988,0.782111,-0.000000,-0.052800,0.000000
23,左踝前摆,255,24,22,0.000176,0.050838,0.046565,0.999976,-0.000000,-0.006971,-0.000722,0.994626,-0.103533,0.006934,0.103536,0.994602,-0.453771,-0.000000,-0.052800,0.000000
24,左踝侧摆,255,25,23,0.000176,0.050838,0.046565,0.999976,0.000804,-0.006925,-0.000722,0.999930,0.011841,0.006934,-0.011835,0.999906,-0.115560,-0.000000,-0.052800,0.000000
25,左脚端,255,255,24,0.000491,0.050299,0.001069,0.999976,0.000804,-0.006925,-0.000722,0.999930,0.011841,0.006934,-0.011835,0.999906,0.000000,-0.000000,-0.052800,0.000000
0,主体,255,3,255,0.001369,-0.031457,0.350000,0.999999,0.000036,-0.001492,0.000000,0.999702,0.024397,0.001493,-0.024397,0.999701,0.000000,-0.000000,-0.052800,0.000000
1,头部,255,255,2,0.001062,-0.026439,0.555639,0.999999,0.000036,-0.001492,0.000000,0.999702,0.024397,0.001493,-0.024397,0.999701,0.000000,-0.000000,-0.052800,0.000000
2,颈前摆,255,1,3,0.001149,-0.027866,0.497156,0.999999,0.000036,-0.001492,0.000000,0.999702,0.024397,0.001493,-0.024397,0.999701,0.000000,-0.000000,-0.052800,0.000000
3,颈旋转,4,2,0,0.001213,-0.028915,0.454169,0.999999,0.000036,-0.001492,0.000000,0.999702,0.024397,0.001493,-0.024397,0.999701,0.000000,-0.000000,-0.052800,0.000000
4,右大臂前摆,8,5,0,0.001211,-0.092096,0.455711,0.999042,0.000036,-0.043759,0.001031,0.999702,0.024375,0.043747,-0.024397,0.998745,-0.042281,-0.000000,-0.052800,0.000000
5,右大臂侧摆,255,6,4,0.001209,-0.141382,0.456913,0.999042,0.000036,-0.043759,0.001031,0.999702,0.024375,0.043747,-0.024397,0.998745,0.000000,-0.000000,-0.052800,0.000000
6,右臂肘前摆,255,7,5,0.005984,-0.144041,0.347950,0.999042,0.000036,-0.043759,0.001031,0.999702,0.024375,0.043747,-0.024397,0.998745,0.000000,-0.000000,-0.052800,0.000000
7,右手端,255,255,6,0.012110,-0.147453,0.208126,0.999042,0.000036,-0.043759,0.001031,0.999702,0.024375,0.043747,-0.024397,0.998745,0.000000,-0.000000,-0.052800,0.000000
8,左大臂前摆,12,9,0,0.001216,0.034266,0.452627,0.999168,0.000036,0.040778,-0.001031,0.999702,0.024375,-0.040765,-0.024397,0.998871,0.042281,-0.000000,-0.052800,0.000000
9,左大臂侧摆,255,10,8,0.001218,0.083551,0.451424,0.999168,0.000036,0.040778,-0.001031,0.999702,0.024375,-0.040765,-0.024397,0.998871,0.000000,-0.000000,-0.052800,0.000000
10,左臂肘前摆,255,11,9,-0.003231,0.080892,0.342447,0.999168,0.000036,0.040778,-0.001031,0.999702,0.024375,-0.040765,-0.024397,0.998871,0.000000,-0.000000,-0.052800,0.000000
11,左手端,255,255,10,-0.008940,0.077480,0.202606,0.999168,0.000036,0.040778,-0.001031,0.999702,0.024375,-0.040765,-0.024397,0.998871,0.000000,-0.000000,-0.052800,0.000000
12,右髋前摆,19,13,0,0.001442,-0.085461,0.301303,0.951496,0.000036,-0.307661,0.007471,0.999702,0.023224,0.307570,-0.024397,0.951213,-0.311242,-0.000000,-0.052800,0.000000
13,右髋侧摆,255,14,12,0.001442,-0.085461,0.301303,0.951496,-0.041952,-0.304787,0.007471,0.993518,-0.113426,0.307570,0.105647,0.945642,0.136901,-0.000000,-0.052800,0.000000
14,右髋旋转,255,15,13,0.034724,-0.073075,0.198039,0.952420,-0.000000,-0.304787,-0.036298,0.992883,-0.113426,0.302618,0.119092,0.945642,-0.044061,-0.000000,-0.052800,0.000000
15,右膝前摆,255,16,14,0.048958,-0.067778,0.153877,0.909161,-0.000000,0.416445,0.049595,0.992883,-0.108274,-0.413482,0.119092,0.902690,0.739247,-0.000000,-0.052800,0.000000
16,右踝前摆,255,17,15,-0.001015,-0.054786,0.045555,0.999999,-0.000000,0.001493,0.000178,0.992883,-0.119092,-0.001482,0.119092,0.992882,-0.428040,-0.000000,-0.052800,0.000000
17,右踝侧摆,255,18,16,-0.001015,-0.054786,0.045555,0.999999,-0.000142,0.001486,0.000178,0.999702,-0.024396,-0.001482,0.024397,0.999701,-0.094976,-0.000000,-0.052800,0.000000
18,右脚端,255,255,17,-0.001083,-0.053675,0.000068,0.999999,-0.000142,0.001486,0.000178,0.999702,-0.024396,-0.001482,0.024397,0.999701,0.000000,-0.000000,-0.052800,0.000000
19,左髋前摆,255,20,0,0.001446,0.020107,0.298727,0.931458,0.000036,-0.363848,0.008843,0.999702,0.022738,0.363740,-0.024397,0.931181,-0.370903,-0.000000,-0.052800,0.000000
20,左髋侧摆,255,21,19,0.001446,0.020107,0.298727,0.931458,-0.049623,-0.360448,0.008843,0.993451,-0.113917,0.363740,0.102921,0.925797,0.136910,-0.000000,-0.052800,0.000000
21,左髋旋转,255,22,20,0.040806,0.032547,0.197630,0.932779,-0.000000,-0.360448,-0.044020,0.992515,-0.113917,0.357750,0.122126,0.925797,-0.053224,-0.000000,-0.052800,0.000000
22,左膝前摆,255,23,21,0.057639,0.037867,0.154395,0.888228,-0.000000,0.459402,0.056105,0.992515,-0.108476,-0.455963,0.122126,0.881580,0.846070,-0.000000,-0.052800,0.000000
23,左踝前摆,255,24,22,0.002511,0.050884,0.048605,0.999999,-0.000000,0.001493,0.000182,0.992515,-0.122126,-0.001481,0.122126,0.992513,-0.475829,-0.000000,-0.052800,0.000000
24,左踝侧摆,255,25,23,0.002511,0.050884,0.048605,0.999999,-0.000146,0.001485,0.000182,0.999702,-0.024396,-0.001481,0.024397,0.999701,-0.098033,-0.000000,-0.052800,0.000000
25,左脚端,255,255,24,0.002443,0.051994,0.003119,0.999999,-0.000146,0.001485,0.000182,0.999702,-0.024396,-0.001481,0.024397,0.999701,0.000000,-0.000000,-0.052800,0.000000
0,主体,255,3,255,0.001712,-0.033531,0.350000,0.999995,0.000064,0.003141,0.000000,0.999791,-0.020425,-0.003142,0.020425,0.999786,0.000000,-0.000000,-0.052800,0.000000
1,头部,255,255,2,0.002358,-0.037733,0.555656,0.999995,0.000064,0.003141,0.000000,0.999791,-0.020425,-0.003142,0.020425,0.999786,0.000000,-0.000000,-0.052800,0.000000
2,颈前摆,255,1,3,0.002175,-0.036538,0.497169,0.999995,0.000064,0.003141,0.000000,0.999791,-0.020425,-0.003142,0.020425,0.999786,0.000000,-0.000000,-0.052800,0.000000
3,颈旋转,4,2,0,0.002040,-0.035660,0.454178,0.999995,0.000064,0.003141,0.000000,0.999791,-0.020425,-0.003142,0.020425,0.999786,0.000000,-0.000000,-0.052800,0.000000
4,右大臂前摆,8,5,0,0.002036,-0.098847,0.452887,0.998583,0.000064,-0.053209,-0.001151,0.999791,-0.020393,0.053196,0.020425,0.998375,-0.056375,-0.000000,-0.052800,0.000000
