0,主体,255,3,255,-0.000001,-0.004091,0.350000,1.000000,-0.000000,-0.000039,0.000000,1.000000,-0.000001,0.000039,0.000001,1.000000,0.000000,-0.000000,0.000000,0.000000
1,头部,255,255,2,-0.000009,-0.004092,0.555700,1.000000,-0.000000,-0.000039,0.000000,1.000000,-0.000001,0.000039,0.000001,1.000000,0.000000,-0.000000,0.000000,0.000000
2,颈前摆,255,1,3,-0.000006,-0.004092,0.497200,1.000000,-0.000000,-0.000039,0.000000,1.000000,-0.000001,0.000039,0.000001,1.000000,0.000000,-0.000000,0.000000,0.000000
3,颈旋转,4,2,0,-0.000005,-0.004092,0.454200,1.000000,-0.000000,-0.000039,0.000000,1.000000,-0.000001,0.000039,0.000001,1.000000,0.000000,-0.000000,0.000000,0.000000
4,右大臂前摆,8,5,0,-0.000005,-0.067292,0.454200,0.999942,-0.000000,-0.010791,-0.000000,1.000000,-0.000001,0.010791,0.000001,0.999942,-0.010752,-0.000000,0.000000,0.000000
5,右大臂侧摆,255,6,4,-0.000005,-0.116592,0.454200,0.999942,-0.000000,-0.010791,-0.000000,1.000000,-0.000001,0.010791,0.000001,0.999942,0.000000,-0.000000,0.000000,0.000000
6,右臂肘前摆,255,7,5,0.001173,-0.116591,0.345106,0.999869,-0.000000,-0.016166,-0.000000,1.000000,-0.000001,0.016166,0.000001,0.999869,-0.005376,-0.000000,0.000000,0.000000
7,右手端,255,255,6,0.003436,-0.116591,0.205124,0.999869,-0.000000,-0.016166,-0.000000,1.000000,-0.000001,0.016166,0.000001,0.999869,0.000000,-0.000000,0.000000,0.000000
8,左大臂前摆,12,9,0,-0.000005,0.059108,0.454200,0.999943,-0.000000,0.010713,0.000000,1.000000,-0.000001,-0.010713,0.000001,0.999943,0.010752,-0.000000,0.000000,0.000000
9,左大臂侧摆,255,10,8,-0.000005,0.108408,0.454200,0.999943,-0.000000,0.010713,0.000000,1.000000,-0.000001,-0.010713,0.000001,0.999943,0.000000,-0.000000,0.000000,0.000000
10,左臂肘前摆,255,11,9,-0.001173,0.108409,0.345106,0.999943,-0.000000,0.010713,0.000000,1.000000,-0.000001,-0.010713,0.000001,0.999943,0.000000,-0.000000,0.000000,0.000000
11,左手端,255,255,10,-0.002673,0.108409,0.205114,0.999943,-0.000000,0.010713,0.000000,1.000000,-0.000001,-0.010713,0.000001,0.999943,0.000000,-0.000000,0.000000,0.000000
12,右髋前摆,19,13,0,0.000001,-0.056891,0.300000,0.941093,-0.000000,-0.338148,-0.000000,1.000000,-0.000001,0.338148,0.000001,0.941093,-0.344909,-0.000000,0.000000,0.000000
13,右髋侧摆,255,14,12,0.000001,-0.056891,0.300000,0.941093,0.003887,-0.338126,-0.000000,0.999934,0.011495,0.338148,-0.010818,0.941031,-0.011496,-0.000000,0.000000,0.000000
14,右髋旋转,255,15,13,0.036925,-0.058147,0.197239,0.941101,0.000000,-0.338126,0.004130,0.999925,0.011495,0.338100,-0.012214,0.941031,0.004131,-0.000000,0.000000,0.000000
15,右膝前摆,255,16,14,0.052715,-0.058683,0.153293,0.898344,0.000000,0.439293,-0.005366,0.999925,0.010972,-0.439260,-0.012214,0.898277,0.799736,-0.000000,0.000000,0.000000
16,右踝前摆,255,17,15,0.000000,-0.060000,0.045500,1.000000,0.000000,0.000039,-0.000001,0.999925,0.012214,-0.000039,-0.012214,0.999925,-0.454772,-0.000000,0.000000,0.000000
17,右踝侧摆,255,18,16,0.000000,-0.060000,0.045500,1.000000,0.000001,0.000039,-0.000001,1.000000,0.000001,-0.000039,-0.000001,1.000000,0.012213,-0.000000,0.000000,0.000000
18,右脚端,255,255,17,-0.000002,-0.060000,0.000000,1.000000,0.000001,0.000039,-0.000001,1.000000,0.000001,-0.000039,-0.000001,1.000000,0.000000,-0.000000,0.000000,0.000000
19,左髋前摆,255,20,0,0.000001,0.048709,0.300000,0.941625,-0.000000,-0.336663,-0.000000,1.000000,-0.000001,0.336663,0.000001,0.941625,-0.343332,-0.000000,0.000000,0.000000
20,左髋侧摆,255,21,19,0.000001,0.048709,0.300000,0.941625,-0.014052,-0.336370,-0.000000,0.999128,-0.041740,0.336663,0.039304,0.940805,0.041751,-0.000000,0.000000,0.000000
21,左髋旋转,255,22,20,0.036733,0.053267,0.197264,0.941730,-0.000000,-0.336370,-0.014909,0.999017,-0.041740,0.336039,0.044323,0.940805,-0.014922,-0.000000,0.000000,0.000000
22,左膝前摆,255,23,21,0.052441,0.055216,0.153329,0.899456,-0.000000,0.437011,0.019370,0.999017,-0.039866,-0.436582,0.044323,0.898572,0.795332,-0.000000,0.000000,0.000000
23,左踝前摆,255,24,22,-0.000000,0.060000,0.045500,1.000000,-0.000000,0.000039,0.000002,0.999017,-0.044323,-0.000039,0.044323,0.999017,-0.452234,-0.000000,0.000000,0.000000
24,左踝侧摆,255,25,23,-0.000000,0.060000,0.045500,1.000000,-0.000002,0.000039,0.000002,1.000000,0.000002,-0.000039,-0.000002,1.000000,-0.044339,-0.000000,0.000000,0.000000
25,左脚端,255,255,24,-0.000002,0.060000,-0.000000,1.000000,-0.000002,0.000039,0.000002,1.000000,0.000002,-0.000039,-0.000002,1.000000,0.000000,-0.000000,0.000000,0.000000
0,主体,255,3,255,-0.000002,-0.008506,0.350000,1.000000,-0.000000,-0.000108,0.000000,0.999999,-0.001029,0.000108,0.001029,0.999999,0.000000,-0.000000,-0.012000,0.000000
1,头部,255,255,2,-0.000024,-0.008718,0.555700,1.000000,-0.000000,-0.000108,0.000000,0.999999,-0.001029,0.000108,0.001029,0.999999,0.000000,-0.000000,-0.012000,0.000000
2,颈前摆,255,1,3,-0.000018,-0.008658,0.497200,1.000000,-0.000000,-0.000108,0.000000,0.999999,-0.001029,0.000108,0.001029,0.999999,0.000000,-0.000000,-0.012000,0.000000
3,颈旋转,4,2,0,-0.000013,-0.008614,0.454200,1.000000,-0.000000,-0.000108,0.000000,0.999999,-0.001029,0.000108,0.001029,0.999999,0.000000,-0.000000,-0.012000,0.000000
4,右大臂前摆,8,5,0,-0.000013,-0.071814,0.454135,0.999766,-0.000000,-0.021610,-0.000022,0.999999,-0.001029,0.021610,0.001029,0.999766,-0.021504,-0.000000,-0.012000,0.000000
5,右大臂侧摆,255,6,4,-0.000013,-0.121114,0.454084,0.999766,-0.000000,-0.021610,-0.000022,0.999999,-0.001029,0.021610,0.001029,0.999766,0.000000,-0.000000,-0.012000,0.000000
6,右臂肘前摆,255,7,5,0.002344,-0.121001,0.345010,0.999476,-0.000000,-0.032357,-0.000033,0.999999,-0.001028,0.032357,0.001029,0.999476,-0.010752,-0.000000,-0.012000,0.000000
7,右手端,255,255,6,0.006874,-0.120857,0.205083,0.999476,-0.000000,-0.032357,-0.000033,0.999999,-0.001028,0.032357,0.001029,0.999476,0.000000,-0.000000,-0.012000,0.000000
8,左大臂前摆,12,9,0,-0.000013,0.054586,0.454265,0.999771,-0.000000,0.021394,0.000022,0.999999,-0.001029,-0.021394,0.001029,0.999771,0.021504,-0.000000,-0.012000,0.000000
9,左大臂侧摆,255,10,8,-0.000013,0.103886,0.454316,0.999771,-0.000000,0.021394,0.000022,0.999999,-0.001029,-0.021394,0.001029,0.999771,0.000000,-0.000000,-0.012000,0.000000
10,左臂肘前摆,255,11,9,-0.002347,0.103998,0.345241,0.999771,-0.000000,0.021394,0.000022,0.999999,-0.001029,-0.021394,0.001029,0.999771,0.000000,-0.000000,-0.012000,0.000000
11,左手端,255,255,10,-0.005343,0.104142,0.205273,0.999771,-0.000000,0.021394,0.000022,0.999999,-0.001029,-0.021394,0.001029,0.999771,0.000000,-0.000000,-0.012000,0.000000
12,右髋前摆,19,13,0,0.000003,-0.061255,0.299946,0.940912,-0.000000,-0.338650,-0.000348,0.999999,-0.000968,0.338650,0.001029,0.940912,-0.345374,-0.000000,-0.012000,0.000000
13,右髋侧摆,255,14,12,0.000003,-0.061255,0.299946,0.940912,-0.001244,-0.338648,-0.000348,0.999989,-0.004640,0.338650,0.004484,0.940902,0.003672,-0.000000,-0.012000,0.000000
14,右髋旋转,255,15,13,0.036984,-0.060748,0.197199,0.940913,0.000000,-0.338648,-0.001670,0.999988,-0.004640,0.338644,0.004932,0.940902,-0.001322,-0.000000,-0.012000,0.000000
15,右膝前摆,255,16,14,0.052799,-0.060532,0.153259,0.898004,0.000000,0.439988,0.002170,0.999988,-0.004429,-0.439983,0.004932,0.897993,0.801065,-0.000000,-0.012000,0.000000
16,右踝前摆,255,17,15,0.000000,-0.060000,0.045500,1.000000,0.000000,0.000108,0.000000,0.999988,-0.004932,-0.000108,0.004932,0.999988,-0.455477,-0.000000,-0.012000,0.000000
17,右踝侧摆,255,18,16,0.000000,-0.060000,0.045500,1.000000,-0.000001,0.000108,0.000000,0.999999,0.001029,-0.000108,-0.001029,0.999999,-0.005961,-0.000000,-0.012000,0.000000
18,右脚端,255,255,17,-0.000005,-0.060047,0.000000,1.000000,-0.000001,0.000108,0.000000,0.999999,0.001029,-0.000108,-0.001029,0.999999,0.000000,-0.000000,-0.012000,0.000000
19,左髋前摆,255,20,0,0.000003,0.044345,0.300054,0.942315,-0.000000,-0.334729,-0.000344,0.999999,-0.000969,0.334728,0.001029,0.942314,-0.341210,-0.000000,-0.012000,0.000000
20,左髋侧摆,255,21,19,0.000003,0.044345,0.300054,0.942315,-0.019042,-0.334187,-0.000344,0.998325,-0.057855,0.334728,0.054632,0.940730,0.056918,-0.000000,-0.012000,0.000000
21,左髋旋转,255,22,20,0.036497,0.050663,0.197327,0.942507,-0.000000,-0.334187,-0.020514,0.998114,-0.057855,0.333556,0.061384,0.940730,-0.020205,-0.000000,-0.012000,0.000000
22,左膝前摆,255,23,21,0.052103,0.053364,0.153395,0.900820,-0.000000,0.434192,0.026652,0.998114,-0.055296,-0.433373,0.061384,0.899122,0.789883,-0.000000,-0.012000,0.000000
23,左踝前摆,255,24,22,-0.000000,0.060000,0.045500,1.000000,-0.000000,0.000108,0.000007,0.998114,-0.061384,-0.000108,0.061384,0.998114,-0.449033,-0.000000,-0.012000,0.000000
24,左踝侧摆,255,25,23,-0.000000,0.060000,0.045500,1.000000,-0.000007,0.000108,0.000007,0.999999,0.001029,-0.000108,-0.001029,0.999999,-0.062451,-0.000000,-0.012000,0.000000
25,左脚端,255,255,24,-0.000005,0.059953,0.000000,1.000000,-0.000007,0.000108,0.000007,0.999999,0.001029,-0.000108,-0.001029,0.999999,0.000000,-0.000000,-0.012000,0.000000
0,主体,255,3,255,0.000006,-0.013207,0.350000,1.000000,-0.000000,-0.000173,0.000000,0.999999,-0.001302,0.000173,0.001302,0.999999,0.000000,-0.000000,-0.024000,0.000000
1,头部,255,255,2,-0.000030,-0.013475,0.555700,1.000000,-0.000000,-0.000173,0.000000,0.999999,-0.001302,0.000173,0.001302,0.999999,0.000000,-0.000000,-0.024000,0.000000
2,颈前摆,255,1,3,-0.000020,-0.013398,0.497200,1.000000,-0.000000,-0.000173,0.000000,0.999999,-0.001302,0.000173,0.001302,0.999999,0.000000,-0.000000,-0.024000,0.000000
3,颈旋转,4,2,0,-0.000012,-0.013342,0.454200,1.000000,-0.000000,-0.000173,0.000000,0.999999,-0.001302,0.000173,0.001302,0.999999,0.000000,-0.000000,-0.024000,0.000000
4,右大臂前摆,8,5,0,-0.000012,-0.076542,0.454118,0.999474,-0.000000,-0.032423,-0.000042,0.999999,-0.001301,0.032423,0.001302,0.999473,-0.032255,-0.000000,-0.024000,0.000000
5,右大臂侧摆,255,6,4,-0.000012,-0.125842,0.454053,0.999474,-0.000000,-0.032423,-0.000042,0.999999,-0.001301,0.032423,0.001302,0.999473,0.000000,-0.000000,-0.024000,0.000000
6,右臂肘前摆,255,7,5,0.003525,-0.125700,0.345011,0.998821,-0.000000,-0.048537,-0.000063,0.999999,-0.001300,0.048537,0.001302,0.998821,-0.016128,-0.000000,-0.024000,0.000000
7,右手端,255,255,6,0.010320,-0.125518,0.205176,0.998821,-0.000000,-0.048537,-0.000063,0.999999,-0.001300,0.048537,0.001302,0.998821,0.000000,-0.000000,-0.024000,0.000000
8,左大臂前摆,12,9,0,-0.000013,0.049857,0.454282,0.999485,-0.000000,0.032077,0.000042,0.999999,-0.001301,-0.032077,0.001302,0.999485,0.032255,-0.000000,-0.024000,0.000000
9,左大臂侧摆,255,10,8,-0.000013,0.099157,0.454346,0.999485,-0.000000,0.032077,0.000042,0.999999,-0.001301,-0.032077,0.001302,0.999485,0.000000,-0.000000,-0.024000,0.000000
10,左臂肘前摆,255,11,9,-0.003512,0.099299,0.345303,0.999485,-0.000000,0.032077,0.000042,0.999999,-0.001301,-0.032077,0.001302,0.999485,0.000000,-0.000000,-0.024000,0.000000
11,左手端,255,255,10,-0.008003,0.099481,0.205375,0.999485,-0.000000,0.032077,0.000042,0.999999,-0.001301,-0.032077,0.001302,0.999485,0.000000,-0.000000,-0.024000,0.000000
12,右髋前摆,19,13,0,0.000014,-0.065942,0.299931,0.941042,-0.000000,-0.338289,-0.000440,0.999999,-0.001225,0.338288,0.001302,0.941042,-0.344925,-0.000000,-0.024000,0.000000
13,右髋侧摆,255,14,12,0.000014,-0.065942,0.299931,0.941042,-0.007018,-0.338216,-0.000440,0.999759,-0.021969,0.338288,0.020822,0.940812,0.020746,-0.000000,-0.024000,0.000000
14,右髋旋转,255,15,13,0.036947,-0.063543,0.197195,0.941069,-0.000000,-0.338216,-0.007895,0.999727,-0.021969,0.338124,0.023344,0.940812,-0.007457,-0.000000,-0.024000,0.000000
15,右膝前摆,255,16,14,0.052742,-0.062517,0.153259,0.898234,-0.000000,0.439517,0.010260,0.999727,-0.020969,-0.439398,0.023344,0.897989,0.800082,-0.000000,-0.024000,0.000000
16,右踝前摆,255,17,15,-0.000000,-0.060001,0.045500,1.000000,-0.000000,0.000173,0.000004,0.999727,-0.023344,-0.000173,0.023344,0.999727,-0.454888,-0.000000,-0.024000,0.000000
17,右踝侧摆,255,18,16,-0.000000,-0.060001,0.045500,1.000000,-0.000004,0.000173,0.000004,0.999999,0.001302,-0.000173,-0.001302,0.999999,-0.024648,-0.000000,-0.024000,0.000000
18,右脚端,255,255,17,-0.000008,-0.060060,0.000000,1.000000,-0.000004,0.000173,0.000004,0.999999,0.001302,-0.000173,-0.001302,0.999999,0.000000,-0.000000,-0.024000,0.000000
19,左髋前摆,255,20,0,0.000014,0.039658,0.300069,0.943139,-0.000000,-0.332399,-0.000432,0.999999,-0.001228,0.332398,0.001302,0.943138,-0.338673,-0.000000,-0.024000,0.000000
20,左髋侧摆,255,21,19,0.000014,0.039658,0.300069,0.943139,-0.024573,-0.331489,-0.000432,0.997172,-0.075149,0.332398,0.071020,0.940461,0.073993,-0.000000,-0.024000,0.000000
21,左髋旋转,255,22,20,0.036213,0.047864,0.197370,0.943459,-0.000000,-0.331489,-0.026404,0.996823,-0.075149,0.330436,0.079653,0.940461,-0.026048,-0.000000,-0.024000,0.000000
22,左膝前摆,255,23,21,0.051693,0.051374,0.153451,0.902458,-0.000000,0.430778,0.034313,0.996823,-0.071883,-0.429409,0.079653,0.899590,0.783236,-0.000000,-0.024000,0.000000
23,左踝前摆,255,24,22,-0.000000,0.060000,0.045500,1.000000,-0.000000,0.000173,0.000014,0.996823,-0.079653,-0.000173,0.079653,0.996823,-0.445182,-0.000000,-0.024000,0.000000
24,左踝侧摆,255,25,23,-0.000000,0.060000,0.045500,1.000000,-0.000014,0.000173,0.000014,0.999999,0.001302,-0.000173,-0.001302,0.999999,-0.081039,-0.000000,-0.024000,0.000000
25,左脚端,255,255,24,-0.000008,0.059941,0.000000,1.000000,-0.000014,0.000173,0.000014,0.999999,0.001302,-0.000173,-0.001302,0.999999,0.000000,-0.000000,-0.024000,0.000000
0,主体,255,3,255,0.000035,-0.017994,0.350000,1.000000,-0.000000,-0.000012,0.000000,0.999999,-0.001197,0.000012,0.001197,0.999999,0.000000,-0.000000,-0.036000,0.000000
1,头部,255,255,2,0.000032,-0.018241,0.555700,1.000000,-0.000000,-0.000012,0.000000,0.999999,-0.001197,0.000012,0.001197,0.999999,0.000000,-0.000000,-0.036000,0.000000
2,颈前摆,255,1,3,0.000033,-0.018171,0.497200,1.000000,-0.000000,-0.000012,0.000000,0.999999,-0.001197,0.000012,0.001197,0.999999,0.000000,-0.000000,-0.036000,0.000000
3,颈旋转,4,2,0,0.000034,-0.018119,0.454200,1.000000,-0.000000,-0.000012,0.000000,0.999999,-0.001197,0.000012,0.001197,0.999999,0.000000,-0.000000,-0.036000,0.000000
4,右大臂前摆,8,5,0,0.000034,-0.081319,0.454124,0.999075,-0.000000,-0.043005,-0.000051,0.999999,-0.001196,0.043005,0.001197,0.999074,-0.043007,-0.000000,-0.036000,0.000000
5,右大臂侧摆,255,6,4,0.000034,-0.130619,0.454065,0.999075,-0.000000,-0.043005,-0.000051,0.999999,-0.001196,0.043005,0.001197,0.999074,0.000000,-0.000000,-0.036000,0.000000
6,右臂肘前摆,255,7,5,0.004725,-0.130489,0.345066,0.997919,-0.000000,-0.064477,-0.000077,0.999999,-0.001195,0.064477,0.001197,0.997918,-0.021504,-0.000000,-0.036000,0.000000
7,右手端,255,255,6,0.013752,-0.130321,0.205358,0.997919,-0.000000,-0.064477,-0.000077,0.999999,-0.001195,0.064477,0.001197,0.997918,0.000000,-0.000000,-0.036000,0.000000
8,左大臂前摆,12,9,0,0.000034,0.045081,0.454276,0.999076,-0.000000,0.042982,0.000051,0.999999,-0.001196,-0.042982,0.001197,0.999075,0.043007,-0.000000,-0.036000,0.000000
9,左大臂侧摆,255,10,8,0.000034,0.094381,0.454335,0.999076,-0.000000,0.042982,0.000051,0.999999,-0.001196,-0.042982,0.001197,0.999075,0.000000,-0.000000,-0.036000,0.000000
10,左臂肘前摆,255,11,9,-0.004656,0.094511,0.345336,0.999076,-0.000000,0.042982,0.000051,0.999999,-0.001196,-0.042982,0.001197,0.999075,0.000000,-0.000000,-0.036000,0.000000
11,左手端,255,255,10,-0.010673,0.094679,0.205465,0.999076,-0.000000,0.042982,0.000051,0.999999,-0.001196,-0.042982,0.001197,0.999075,0.000000,-0.000000,-0.036000,0.000000
12,右髋前摆,19,13,0,0.000035,-0.070735,0.299937,0.941448,-0.000000,-0.337158,-0.000404,0.999999,-0.001127,0.337158,0.001197,0.941447,-0.343885,-0.000000,-0.036000,0.000000
13,右髋侧摆,255,14,12,0.000035,-0.070735,0.299937,0.941448,-0.013001,-0.336907,-0.000404,0.999212,-0.039687,0.337158,0.037499,0.940701,0.038570,-0.000000,-0.036000,0.000000
14,右髋旋转,255,15,13,0.036826,-0.066401,0.197212,0.941538,-0.000000,-0.336907,-0.014201,0.999111,-0.039687,0.336608,0.042151,0.940701,-0.013808,-0.000000,-0.036000,0.000000
15,右膝前摆,255,16,14,0.052559,-0.064547,0.153282,0.898978,-0.000000,0.437993,0.018462,0.999111,-0.037893,-0.437604,0.042151,0.898179,0.796995,-0.000000,-0.036000,0.000000
16,右踝前摆,255,17,15,-0.000000,-0.060000,0.045500,1.000000,-0.000000,0.000012,0.000001,0.999111,-0.042151,-0.000012,0.042151,0.999111,-0.453353,-0.000000,-0.036000,0.000000
17,右踝侧摆,255,18,16,-0.000000,-0.060000,0.045500,1.000000,-0.000001,0.000012,0.000001,0.999999,0.001198,-0.000012,-0.001198,0.999999,-0.043361,-0.000000,-0.036000,0.000000
18,右脚端,255,255,17,-0.000001,-0.060055,0.000000,1.000000,-0.000001,0.000012,0.000001,0.999999,0.001198,-0.000012,-0.001198,0.999999,0.000000,-0.000000,-0.036000,0.000000
19,左髋前摆,255,20,0,0.000035,0.034865,0.300063,0.944148,-0.000000,-0.329522,-0.000395,0.999999,-0.001131,0.329522,0.001197,0.944147,-0.335786,-0.000000,-0.036000,0.000000
20,左髋侧摆,255,21,19,0.000035,0.034865,0.300063,0.944148,-0.030215,-0.328134,-0.000395,0.995683,-0.092818,0.329522,0.087763,0.940060,0.091821,-0.000000,-0.036000,0.000000
21,左髋旋转,255,22,20,0.035868,0.045001,0.197409,0.944631,-0.000000,-0.328134,-0.032242,0.995161,-0.092818,0.326546,0.098258,0.940060,-0.031991,-0.000000,-0.036000,0.000000
22,左膝前摆,255,23,21,0.051191,0.049336,0.153508,0.904443,-0.000000,0.426595,0.041917,0.995161,-0.088869,-0.424531,0.098258,0.900066,0.775053,-0.000000,-0.036000,0.000000
23,左踝前摆,255,24,22,-0.000000,0.060000,0.045500,1.000000,-0.000000,0.000012,0.000001,0.995161,-0.098258,-0.000011,0.098258,0.995161,-0.440713,-0.000000,-0.036000,0.000000
24,左踝侧摆,255,25,23,-0.000000,0.060000,0.045500,1.000000,-0.000001,0.000011,0.000001,0.999999,0.001198,-0.000011,-0.001198,0.999999,-0.099615,-0.000000,-0.036000,0.000000
25,左脚端,255,255,24,-0.000001,0.059945,0.000000,1.000000,-0.000001,0.000011,0.000001,0.999999,0.001198,-0.000011,-0.001198,0.999999,0.000000,-0.000000,-0.036000,0.000000
0,主体,255,3,255,0.000094,-0.022652,0.350000,1.000000,0.000000,0.000145,0.000000,0.999999,-0.001066,-0.000145,0.001066,0.999999,0.000000,-0.000000,-0.048000,0.000000
1,头部,255,255,2,0.000124,-0.022872,0.555700,1.000000,0.000000,0.000145,0.000000,0.999999,-0.001066,-0.000145,0.001066,0.999999,0.000000,-0.000000,-0.048000,0.000000
2,颈前摆,255,1,3,0.000116,-0.022809,0.497200,1.000000,0.000000,0.000145,0.000000,0.999999,-0.001066,-0.000145,0.001066,0.999999,0.000000,-0.000000,-0.048000,0.000000
3,颈旋转,4,2,0,0.000110,-0.022763,0.454200,1.000000,0.000000,0.000145,0.000000,0.999999,-0.001066,-0.000145,0.001066,0.999999,0.000000,-0.000000,-0.048000,0.000000
4,右大臂前摆,8,5,0,0.000110,-0.085963,0.454133,0.998563,0.000000,-0.053588,-0.000057,0.999999,-0.001064,0.053588,0.001066,0.998563,-0.053759,-0.000000,-0.048000,0.000000
5,右大臂侧摆,255,6,4,0.000110,-0.135263,0.454080,0.998563,0.000000,-0.053588,-0.000057,0.999999,-0.001064,0.053588,0.001066,0.998563,0.000000,-0.000000,-0.048000,0.000000
6,右臂肘前摆,255,7,5,0.005956,-0.135147,0.345137,0.996762,0.000000,-0.080406,-0.000086,0.999999,-0.001062,0.080406,0.001066,0.996762,-0.026879,-0.000000,-0.048000,0.000000
7,右手端,255,255,6,0.017213,-0.134999,0.205590,0.996762,0.000000,-0.080406,-0.000086,0.999999,-0.001062,0.080406,0.001066,0.996762,0.000000,-0.000000,-0.048000,0.000000
8,左大臂前摆,12,9,0,0.000110,0.040436,0.454267,0.998548,0.000000,0.053878,0.000057,0.999999,-0.001064,-0.053878,0.001066,0.998547,0.053759,-0.000000,-0.048000,0.000000
9,左大臂侧摆,255,10,8,0.000110,0.089736,0.454320,0.998548,0.000000,0.053878,0.000057,0.999999,-0.001064,-0.053878,0.001066,0.998547,0.000000,-0.000000,-0.048000,0.000000
10,左臂肘前摆,255,11,9,-0.005769,0.089853,0.345378,0.998548,0.000000,0.053878,0.000057,0.999999,-0.001064,-0.053878,0.001066,0.998547,0.000000,-0.000000,-0.048000,0.000000
11,左手端,255,255,10,-0.013311,0.090002,0.205582,0.998548,0.000000,0.053878,0.000057,0.999999,-0.001064,-0.053878,0.001066,0.998547,0.000000,-0.000000,-0.048000,0.000000
12,右髋前摆,19,13,0,0.000087,-0.075399,0.299944,0.942088,0.000000,-0.335366,-0.000358,0.999999,-0.001004,0.335366,0.001066,0.942087,-0.342139,-0.000000,-0.048000,0.000000
13,右髋侧摆,255,14,12,0.000087,-0.075399,0.299944,0.942088,-0.018754,-0.334841,-0.000358,0.998379,-0.056923,0.335366,0.053746,0.940554,0.055950,-0.000000,-0.048000,0.000000
14,右髋旋转,255,15,13,0.036652,-0.069183,0.197235,0.942275,-0.000000,-0.334841,-0.020228,0.998174,-0.056923,0.334229,0.060410,0.940554,-0.019904,-0.000000,-0.048000,0.000000
15,右膝前摆,255,16,14,0.052289,-0.066525,0.153311,0.900073,-0.000000,0.435740,0.026323,0.998174,-0.054373,-0.434944,0.060410,0.898429,0.792297,-0.000000,-0.048000,0.000000
16,右踝前摆,255,17,15,-0.000000,-0.060000,0.045500,1.000000,-0.000000,-0.000145,-0.000009,0.998174,-0.060410,0.000145,0.060410,0.998174,-0.451006,-0.000000,-0.048000,0.000000
17,右踝侧摆,255,18,16,-0.000000,-0.060000,0.045500,1.000000,0.000009,-0.000145,-0.000009,0.999999,0.001066,0.000145,-0.001066,0.999999,-0.061512,-0.000000,-0.048000,0.000000
18,右脚端,255,255,17,0.000007,-0.060049,0.000000,1.000000,0.000009,-0.000145,-0.000009,0.999999,0.001066,0.000145,-0.001066,0.999999,0.000000,-0.000000,-0.048000,0.000000
19,左髋前摆,255,20,0,0.000087,0.030201,0.300056,0.945372,0.000000,-0.325993,-0.000348,0.999999,-0.001007,0.325993,0.001066,0.945372,-0.332208,-0.000000,-0.048000,0.000000
20,左髋侧摆,255,21,19,0.000087,0.030201,0.300056,0.945372,-0.035531,-0.324051,-0.000348,0.993932,-0.109995,0.325993,0.104099,0.939623,0.109211,-0.000000,-0.048000,0.000000
21,左髋旋转,255,22,20,0.035474,0.042212,0.197449,0.946040,-0.000000,-0.324051,-0.037677,0.993218,-0.109995,0.321853,0.116269,0.939623,-0.037567,-0.000000,-0.048000,0.000000
22,左膝前摆,255,23,21,0.050607,0.047349,0.153569,0.906725,-0.000000,0.421723,0.049033,0.993218,-0.105424,-0.418862,0.116269,0.900575,0.765353,-0.000000,-0.048000,0.000000
23,左踝前摆,255,24,22,-0.000000,0.060000,0.045500,1.000000,-0.000000,-0.000145,-0.000017,0.993218,-0.116269,0.000144,0.116269,0.993218,-0.435490,-0.000000,-0.048000,0.000000
24,左踝侧摆,255,25,23,-0.000000,0.060000,0.045500,1.000000,0.000017,-0.000144,-0.000017,0.999999,0.001066,0.000144,-0.001066,0.999999,-0.117598,-0.000000,-0.048000,0.000000
25,左脚端,255,255,24,0.000007,0.059952,0.000000,1.000000,0.000017,-0.000144,-0.000017,0.999999,0.001066,0.000144,-0.001066,0.999999,0.000000,-0.000000,-0.048000,0.000000
0,主体,255,3,255,0.000189,-0.027010,0.350000,1.000000,0.000000,0.000134,0.000000,1.000000,-0.000855,-0.000134,0.000855,1.000000,0.000000,-0.000000,-0.060000,0.000000
1,头部,255,255,2,0.000217,-0.027186,0.555700,1.000000,0.000000,0.000134,0.000000,1.000000,-0.000855,-0.000134,0.000855,1.000000,0.000000,-0.000000,-0.060000,0.000000
2,颈前摆,255,1,3,0.000209,-0.027136,0.497200,1.000000,0.000000,0.000134,0.000000,1.000000,-0.000855,-0.000134,0.000855,1.000000,0.000000,-0.000000,-0.060000,0.000000
3,颈旋转,4,2,0,0.000203,-0.027099,0.454200,1.000000,0.000000,0.000134,0.000000,1.000000,-0.000855,-0.000134,0.000855,1.000000,0.000000,-0.000000,-0.060000,0.000000
4,右大臂前摆,8,5,0,0.000203,-0.090299,0.454146,0.997929,0.000000,-0.064332,-0.000055,1.000000,-0.000853,0.064332,0.000855,0.997928,-0.064511,-0.000000,-0.060000,0.000000
5,右大臂侧摆,255,6,4,0.000203,-0.139599,0.454104,0.997929,0.000000,-0.064332,-0.000055,1.000000,-0.000853,0.064332,0.000855,0.997928,0.000000,-0.000000,-0.060000,0.000000
6,右臂肘前摆,255,7,5,0.007222,-0.139506,0.345230,0.995335,0.000000,-0.096482,-0.000083,1.000000,-0.000851,0.096482,0.000855,0.995334,-0.032255,-0.000000,-0.060000,0.000000
7,右手端,255,255,6,0.020729,-0.139387,0.205883,0.995335,0.000000,-0.096482,-0.000083,1.000000,-0.000851,0.096482,0.000855,0.995334,0.000000,-0.000000,-0.060000,0.000000
8,左大臂前摆,12,9,0,0.000203,0.036101,0.454254,0.997911,0.000000,0.064599,0.000055,1.000000,-0.000853,-0.064599,0.000855,0.997911,0.064511,-0.000000,-0.060000,0.000000
9,左大臂侧摆,255,10,8,0.000203,0.085401,0.454296,0.997911,0.000000,0.064599,0.000055,1.000000,-0.000853,-0.064599,0.000855,0.997911,0.000000,-0.000000,-0.060000,0.000000
10,左臂肘前摆,255,11,9,-0.006844,0.085494,0.345424,0.997911,0.000000,0.064599,0.000055,1.000000,-0.000853,-0.064599,0.000855,0.997911,0.000000,-0.000000,-0.060000,0.000000
11,左手端,255,255,10,-0.015888,0.085613,0.205717,0.997911,0.000000,0.064599,0.000055,1.000000,-0.000853,-0.064599,0.000855,0.997911,0.000000,-0.000000,-0.060000,0.000000
12,右髋前摆,19,13,0,0.000183,-0.079767,0.299955,0.942923,0.000000,-0.333011,-0.000285,1.000000,-0.000806,0.333011,0.000855,0.942923,-0.339628,-0.000000,-0.060000,0.000000
13,右髋侧摆,255,14,12,0.000183,-0.079767,0.299955,0.942923,-0.024001,-0.332145,-0.000285,0.997341,-0.072876,0.333011,0.068811,0.940409,0.072135,-0.000000,-0.060000,0.000000
14,右髋旋转,255,15,13,0.036453,-0.071809,0.197262,0.943228,-0.000000,-0.332145,-0.025662,0.997011,-0.072876,0.331152,0.077263,0.940409,-0.025448,-0.000000,-0.060000,0.000000
15,右膝前摆,255,16,14,0.051964,-0.068406,0.153345,0.901404,-0.000000,0.432979,0.033453,0.997011,-0.069645,-0.431685,0.077263,0.898709,0.786372,-0.000000,-0.060000,0.000000
16,右踝前摆,255,17,15,0.000007,-0.060049,0.045500,1.000000,-0.000000,-0.000134,-0.000010,0.997011,-0.077263,0.000133,0.077263,0.997011,-0.447929,-0.000000,-0.060000,0.000000
17,右踝侧摆,255,18,16,0.000007,-0.060049,0.045500,1.000000,0.000010,-0.000133,-0.000010,1.000000,0.000855,0.000133,-0.000855,1.000000,-0.078194,-0.000000,-0.060000,0.000000
18,右脚端,255,255,17,0.000013,-0.060087,0.000000,1.000000,0.000010,-0.000133,-0.000010,1.000000,0.000855,0.000133,-0.000855,1.000000,0.000000,-0.000000,-0.060000,0.000000
19,左髋前摆,255,20,0,0.000183,0.025833,0.300045,0.946728,0.000000,-0.322033,-0.000275,1.000000,-0.000809,0.322033,0.000855,0.946728,-0.328010,-0.000000,-0.060000,0.000000
20,左髋侧摆,255,21,19,0.000183,0.025833,0.300045,0.946728,-0.040281,-0.319504,-0.000275,0.992045,-0.125887,0.322033,0.119269,0.939186,0.125413,-0.000000,-0.060000,0.000000
21,左髋旋转,255,22,20,0.035073,0.039579,0.197486,0.947585,-0.000000,-0.319504,-0.042446,0.991136,-0.125887,0.316672,0.132850,0.939186,-0.042522,-0.000000,-0.060000,0.000000
22,左膝前摆,255,23,21,0.049993,0.045458,0.153626,0.909109,-0.000000,0.416558,0.055340,0.991136,-0.120776,-0.412865,0.132850,0.901051,0.754862,-0.000000,-0.060000,0.000000
23,左踝前摆,255,24,22,0.000007,0.059951,0.045500,1.000000,-0.000000,-0.000134,-0.000018,0.991136,-0.132850,0.000132,0.132850,0.991136,-0.429789,-0.000000,-0.060000,0.000000
24,左踝侧摆,255,25,23,0.000007,0.059951,0.045500,1.000000,0.000018,-0.000132,-0.000018,1.000000,0.000855,0.000132,-0.000855,1.000000,-0.134099,-0.000000,-0.060000,0.000000
25,左脚端,255,255,24,0.000013,0.059913,0.000000,1.000000,0.000018,-0.000132,-0.000018,1.000000,0.000855,0.000132,-0.000855,1.000000,0.000000,-0.000000,-0.060000,0.000000
0,主体,255,3,255,0.000322,-0.030956,0.350000,1.000000,0.000000,0.000421,0.000000,1.000000,-0.000706,-0.000421,0.000706,1.000000,0.000000,-0.000000,-0.060000,0.000000
1,头部,255,255,2,0.000409,-0.031102,0.555700,1.000000,0.000000,0.000421,0.000000,1.000000,-0.000706,-0.000421,0.000706,1.000000,0.000000,-0.000000,-0.060000,0.000000
2,颈前摆,255,1,3,0.000384,-0.031060,0.497200,1.000000,0.000000,0.000421,0.000000,1.000000,-0.000706,-0.000421,0.000706,1.000000,0.000000,-0.000000,-0.060000,0.000000
3,颈旋转,4,2,0,0.000366,-0.031030,0.454200,1.000000,0.000000,0.000421,0.000000,1.000000,-0.000706,-0.000421,0.000706,1.000000,0.000000,-0.000000,-0.060000,0.000000
4,右大臂前摆,8,5,0,0.000366,-0.094230,0.454155,0.997201,0.000000,-0.074772,-0.000053,1.000000,-0.000704,0.074772,0.000706,0.997200,-0.075262,-0.000000,-0.060000,0.000000
5,右大臂侧摆,255,6,4,0.000366,-0.143530,0.454121,0.997201,0.000000,-0.074772,-0.000053,1.000000,-0.000704,0.074772,0.000706,0.997200,0.000000,-0.000000,-0.060000,0.000000
6,右臂肘前摆,255,7,5,0.008524,-0.143453,0.345326,0.993682,0.000000,-0.112236,-0.000080,1.000000,-0.000702,0.112236,0.000706,0.993681,-0.037631,-0.000000,-0.060000,0.000000
7,右手端,255,255,6,0.024237,-0.143355,0.206211,0.993682,0.000000,-0.112236,-0.000080,1.000000,-0.000702,0.112236,0.000706,0.993681,0.000000,-0.000000,-0.060000,0.000000
8,左大臂前摆,12,9,0,0.000366,0.032170,0.454245,0.997137,0.000000,0.075611,0.000053,1.000000,-0.000704,-0.075611,0.000706,0.997137,0.075262,-0.000000,-0.060000,0.000000
9,左大臂侧摆,255,10,8,0.000366,0.081470,0.454279,0.997137,0.000000,0.075611,0.000053,1.000000,-0.000704,-0.075611,0.000706,0.997137,0.000000,-0.000000,-0.060000,0.000000
10,左臂肘前摆,255,11,9,-0.007883,0.081547,0.345492,0.997137,0.000000,0.075611,0.000053,1.000000,-0.000704,-0.075611,0.000706,0.997137,0.000000,-0.000000,-0.060000,0.000000
11,左手端,255,255,10,-0.018469,0.081645,0.205893,0.997137,0.000000,0.075611,0.000053,1.000000,-0.000704,-0.075611,0.000706,0.997137,0.000000,-0.000000,-0.060000,0.000000
12,右髋前摆,19,13,0,0.000301,-0.083721,0.299963,0.943879,0.000000,-0.330293,-0.000233,1.000000,-0.000666,0.330293,0.000706,0.943878,-0.337034,-0.000000,-0.060000,0.000000
13,右髋侧摆,255,14,12,0.000301,-0.083721,0.299963,0.943879,-0.028672,-0.329046,-0.000233,0.996167,-0.087472,0.330293,0.082639,0.940254,0.086917,-0.000000,-0.060000,0.000000
14,右髋旋转,255,15,13,0.036233,-0.074169,0.197287,0.944314,-0.000000,-0.329046,-0.030479,0.995701,-0.087472,0.327631,0.092630,0.940254,-0.030367,-0.000000,-0.060000,0.000000
15,右膝前摆,255,16,14,0.051599,-0.070084,0.153377,0.902858,-0.000000,0.429940,0.039825,0.995701,-0.083631,-0.428091,0.092630,0.898976,0.779719,-0.000000,-0.060000,0.000000
16,右踝前摆,255,17,15,0.000007,-0.060049,0.045500,1.000000,-0.000000,-0.000421,-0.000039,0.995701,-0.092630,0.000419,0.092630,0.995701,-0.444847,-0.000000,-0.060000,0.000000
17,右踝侧摆,255,18,16,0.000007,-0.060049,0.045500,1.000000,0.000039,-0.000419,-0.000039,1.000000,0.000706,0.000419,-0.000706,1.000000,-0.093469,-0.000000,-0.060000,0.000000
18,右脚端,255,255,17,0.000026,-0.060081,0.000000,1.000000,0.000039,-0.000419,-0.000039,1.000000,0.000706,0.000419,-0.000706,1.000000,0.000000,-0.000000,-0.060000,0.000000
19,左髋前摆,255,20,0,0.000301,0.021879,0.300037,0.945043,0.000000,-0.326947,-0.000231,1.000000,-0.000667,0.326947,0.000706,0.945042,-0.333492,-0.000000,-0.060000,0.000000
20,左髋侧摆,255,21,19,0.000301,0.021879,0.300037,0.945043,-0.045712,-0.323736,-0.000231,0.990084,-0.140476,0.326947,0.132831,0.935661,0.140275,-0.000000,-0.060000,0.000000
21,左髋旋转,255,22,20,0.035653,0.037219,0.197863,0.946148,-0.000000,-0.323736,-0.048065,0.988917,-0.140476,0.320148,0.148471,0.935661,-0.048332,-0.000000,-0.060000,0.000000
22,左膝前摆,255,23,21,0.050772,0.043779,0.154168,0.907733,-0.000000,0.419549,0.062291,0.988917,-0.134772,-0.414899,0.148471,0.897672,0.762623,-0.000000,-0.060000,0.000000
23,左踝前摆,255,24,22,0.000426,0.059952,0.046447,1.000000,-0.000000,-0.000421,-0.000062,0.988917,-0.148471,0.000416,0.148471,0.988917,-0.433369,-0.000000,-0.060000,0.000000
24,左踝侧摆,255,25,23,0.000426,0.059952,0.046447,1.000000,0.000063,-0.000416,-0.000062,1.000000,0.000706,0.000416,-0.000706,1.000000,-0.149728,-0.000000,-0.060000,0.000000
25,左脚端,255,255,24,0.000445,0.059920,0.000947,1.000000,0.000063,-0.000416,-0.000062,1.000000,0.000706,0.000416,-0.000706,1.000000,0.000000,-0.000000,-0.060000,0.000000
0,主体,255,3,255,0.000494,-0.034416,0.350000,1.000000,0.000000,0.000141,0.000000,1.000000,-0.000471,-0.000141,0.000471,1.000000,0.000000,-0.000000,-0.060000,0.000000
1,头部,255,255,2,0.000523,-0.034513,0.555700,1.000000,0.000000,0.000141,0.000000,1.000000,-0.000471,-0.000141,0.000471,1.000000,0.000000,-0.000000,-0.060000,0.000000
2,颈前摆,255,1,3,0.000514,-0.034485,0.497200,1.000000,0.000000,0.000141,0.000000,1.000000,-0.000471,-0.000141,0.000471,1.000000,0.000000,-0.000000,-0.060000,0.000000
3,颈旋转,4,2,0,0.000508,-0.034465,0.454200,1.000000,0.000000,0.000141,0.000000,1.000000,-0.000471,-0.000141,0.000471,1.000000,0.000000,-0.000000,-0.060000,0.000000
4,右大臂前摆,8,5,0,0.000508,-0.097665,0.454170,0.996315,0.000000,-0.085767,-0.000040,1.000000,-0.000469,0.085767,0.000471,0.996315,-0.086014,-0.000000,-0.060000,0.000000
5,右大臂侧摆,255,6,4,0.000508,-0.146965,0.454147,0.996315,0.000000,-0.085767,-0.000040,1.000000,-0.000469,0.085767,0.000471,0.996315,0.000000,-0.000000,-0.060000,0.000000
6,右臂肘前摆,255,7,5,0.009866,-0.146914,0.345449,0.991706,0.000000,-0.128523,-0.000061,1.000000,-0.000467,0.128523,0.000471,0.991706,-0.043007,-0.000000,-0.060000,0.000000
7,右手端,255,255,6,0.027859,-0.146848,0.206610,0.991706,0.000000,-0.128523,-0.000061,1.000000,-0.000467,0.128523,0.000471,0.991706,0.000000,-0.000000,-0.060000,0.000000
8,左大臂前摆,12,9,0,0.000508,0.028735,0.454230,0.996291,0.000000,0.086049,0.000040,1.000000,-0.000469,-0.086049,0.000471,0.996291,0.086014,-0.000000,-0.060000,0.000000
9,左大臂侧摆,255,10,8,0.000508,0.078035,0.454253,0.996291,0.000000,0.086049,0.000040,1.000000,-0.000469,-0.086049,0.000471,0.996291,0.000000,-0.000000,-0.060000,0.000000
10,左臂肘前摆,255,11,9,-0.008880,0.078086,0.345558,0.996291,0.000000,0.086049,0.000040,1.000000,-0.000469,-0.086049,0.000471,0.996291,0.000000,-0.000000,-0.060000,0.000000
11,左手端,255,255,10,-0.020926,0.078152,0.206077,0.996291,0.000000,0.086049,0.000040,1.000000,-0.000469,-0.086049,0.000471,0.996291,0.000000,-0.000000,-0.060000,0.000000
12,右髋前摆,19,13,0,0.000487,-0.087192,0.299975,0.944955,0.000000,-0.327201,-0.000154,1.000000,-0.000445,0.327201,0.000471,0.944955,-0.333481,-0.000000,-0.060000,0.000000
13,右髋侧摆,255,14,12,0.000487,-0.087192,0.299975,0.944955,-0.032668,-0.325566,-0.000154,0.994959,-0.100285,0.327201,0.094815,0.940186,0.100009,-0.000000,-0.060000,0.000000
14,右髋旋转,255,15,13,0.036038,-0.076241,0.197307,0.945519,-0.000000,-0.325566,-0.034531,0.994359,-0.100285,0.323730,0.106064,0.940186,-0.034558,-0.000000,-0.060000,0.000000
15,右膝前摆,255,16,14,0.051242,-0.071558,0.153400,0.904268,-0.000000,0.426964,0.045285,0.994359,-0.095910,-0.424556,0.106064,0.899168,0.772744,-0.000000,-0.060000,0.000000
16,右踝前摆,255,17,15,0.000007,-0.060049,0.045500,1.000000,-0.000000,-0.000141,-0.000015,0.994359,-0.106064,0.000140,0.106064,0.994359,-0.441274,-0.000000,-0.060000,0.000000
17,右踝侧摆,255,18,16,0.000007,-0.060049,0.045500,1.000000,0.000015,-0.000140,-0.000015,1.000000,0.000471,0.000140,-0.000471,1.000000,-0.106734,-0.000000,-0.060000,0.000000
18,右脚端,255,255,17,0.000013,-0.060070,0.000000,1.000000,0.000015,-0.000140,-0.000015,1.000000,0.000471,0.000140,-0.000471,1.000000,0.000000,-0.000000,-0.060000,0.000000
19,左髋前摆,255,20,0,0.000487,0.018408,0.300025,0.937660,0.000000,-0.347554,-0.000164,1.000000,-0.000441,0.347554,0.000471,0.937660,-0.355103,-0.000000,-0.060000,0.000000
20,左髋侧摆,255,21,19,0.000487,0.018408,0.300025,0.937660,-0.053159,-0.343465,-0.000164,0.988166,-0.153388,0.347554,0.143882,0.926555,0.153554,-0.000000,-0.060000,0.000000
21,左髋旋转,255,22,20,0.037993,0.035158,0.198845,0.939166,-0.000000,-0.343465,-0.056096,0.986573,-0.153388,0.338853,0.163324,0.926555,-0.056632,-0.000000,-0.060000,0.000000
22,左膝前摆,255,23,21,0.054033,0.042321,0.155575,0.899620,-0.000000,0.436675,0.071319,0.986573,-0.146929,-0.430811,0.163324,0.887540,0.802502,-0.000000,-0.060000,0.000000
23,左踝前摆,255,24,22,0.001632,0.059952,0.049070,1.000000,-0.000000,-0.000141,-0.000023,0.986573,-0.163324,0.000139,0.163324,0.986573,-0.452040,-0.000000,-0.060000,0.000000
24,左踝侧摆,255,25,23,0.001632,0.059952,0.049070,1.000000,0.000023,-0.000139,-0.000023,1.000000,0.000471,0.000139,-0.000471,1.000000,-0.164529,-0.000000,-0.060000,0.000000
25,左脚端,255,255,24,0.001638,0.059931,0.003570,1.000000,0.000023,-0.000139,-0.000023,1.000000,0.000471,0.000139,-0.000471,1.000000,0.000000,-0.000000,-0.060000,0.000000
0,主体,255,3,255,0.000705,-0.037361,0.350000,1.000000,0.000000,0.000172,0.000000,1.000000,-0.000752,-0.000172,0.000752,1.000000,0.000000,-0.000000,-0.060000,0.000000
1,头部,255,255,2,0.000740,-0.037515,0.555700,1.000000,0.000000,0.000172,0.000000,1.000000,-0.000752,-0.000172,0.000752,1.000000,0.000000,-0.000000,-0.060000,0.000000
2,颈前摆,255,1,3,0.000730,-0.037471,0.497200,1.000000,0.000000,0.000172,0.000000,1.000000,-0.000752,-0.000172,0.000752,1.000000,0.000000,-0.000000,-0.060000,0.000000
3,颈旋转,4,2,0,0.000723,-0.037439,0.454200,1.000000,0.000000,0.000172,0.000000,1.000000,-0.000752,-0.000172,0.000752,1.000000,0.000000,-0.000000,-0.060000,0.000000
4,右大臂前摆,8,5,0,0.000723,-0.100639,0.454152,0.995338,0.000000,-0.096444,-0.000073,1.000000,-0.000748,0.096444,0.000752,0.995338,-0.096766,-0.000000,-0.060000,0.000000
5,右大臂侧摆,255,6,4,0.000723,-0.149939,0.454115,0.995338,0.000000,-0.096444,-0.000073,1.000000,-0.000748,0.096444,0.000752,0.995338,0.000000,-0.000000,-0.060000,0.000000
6,右臂肘前摆,255,7,5,0.011245,-0.149857,0.345524,0.989509,0.000000,-0.144470,-0.000109,1.000000,-0.000744,0.144470,0.000752,0.989509,-0.048383,-0.000000,-0.060000,0.000000
7,右手端,255,255,6,0.031471,-0.149753,0.206993,0.989509,0.000000,-0.144470,-0.000109,1.000000,-0.000744,0.144470,0.000752,0.989509,0.000000,-0.000000,-0.060000,0.000000
8,左大臂前摆,12,9,0,0.000723,0.025761,0.454247,0.995305,0.000000,0.096786,0.000073,1.000000,-0.000748,-0.096786,0.000752,0.995305,0.096766,-0.000000,-0.060000,0.000000
9,左大臂侧摆,255,10,8,0.000723,0.075061,0.454285,0.995305,0.000000,0.096786,0.000073,1.000000,-0.000748,-0.096786,0.000752,0.995305,0.000000,-0.000000,-0.060000,0.000000
10,左臂肘前摆,255,11,9,-0.009836,0.075143,0.345697,0.995305,0.000000,0.096786,0.000073,1.000000,-0.000748,-0.096786,0.000752,0.995305,0.000000,-0.000000,-0.060000,0.000000
11,左手端,255,255,10,-0.023386,0.075247,0.206354,0.995305,0.000000,0.096786,0.000073,1.000000,-0.000748,-0.096786,0.000752,0.995305,0.000000,-0.000000,-0.060000,0.000000
12,右髋前摆,19,13,0,0.000696,-0.090123,0.299960,0.945954,0.000000,-0.324302,-0.000244,1.000000,-0.000711,0.324302,0.000752,0.945953,-0.330445,-0.000000,-0.060000,0.000000
13,右髋侧摆,255,14,12,0.000696,-0.090123,0.299960,0.945954,-0.035803,-0.322319,-0.000244,0.993808,-0.111109,0.324302,0.105182,0.940088,0.110627,-0.000000,-0.060000,0.000000
14,右髋旋转,255,15,13,0.035894,-0.077990,0.197303,0.946631,-0.000000,-0.322319,-0.037831,0.993088,-0.111109,0.320092,0.117373,0.940088,-0.037831,-0.000000,-0.060000,0.000000
15,右膝前摆,255,16,14,0.050946,-0.072801,0.153401,0.905430,-0.000000,0.424495,0.049824,0.993088,-0.106273,-0.421561,0.117373,0.899172,0.766583,-0.000000,-0.060000,0.000000
16,右踝前摆,255,17,15,0.000007,-0.060049,0.045500,1.000000,-0.000000,-0.000172,-0.000020,0.993088,-0.117373,0.000170,0.117373,0.993088,-0.438576,-0.000000,-0.060000,0.000000
17,右踝侧摆,255,18,16,0.000007,-0.060049,0.045500,1.000000,0.000020,-0.000170,-0.000020,1.000000,0.000752,0.000170,-0.000752,1.000000,-0.118396,-0.000000,-0.060000,0.000000
18,右脚端,255,255,17,0.000014,-0.060083,0.000000,1.000000,0.000020,-0.000170,-0.000020,1.000000,0.000752,0.000170,-0.000752,1.000000,0.000000,-0.000000,-0.060000,0.000000
19,左髋前摆,255,20,0,0.000696,0.015477,0.300040,0.925254,0.000000,-0.379347,-0.000285,1.000000,-0.000696,0.379347,0.000752,0.925254,-0.389262,-0.000000,-0.060000,0.000000
20,左髋侧摆,255,21,19,0.000696,0.015477,0.300040,0.925254,-0.062082,-0.374232,-0.000285,0.986403,-0.164342,0.379347,0.152165,0.912656,0.164395,-0.000000,-0.060000,0.000000
21,左髋旋转,255,22,20,0.041563,0.033423,0.200378,0.927335,-0.000000,-0.374232,-0.066321,0.984171,-0.164342,0.368309,0.177219,0.912656,-0.066997,-0.000000,-0.060000,0.000000
22,左膝前摆,255,23,21,0.059039,0.041098,0.157757,0.886655,-0.000000,0.462431,0.081952,0.984171,-0.157132,-0.455111,0.177219,0.872621,0.864304,-0.000000,-0.060000,0.000000
23,左踝前摆,255,24,22,0.003548,0.059954,0.053042,1.000000,-0.000000,-0.000172,-0.000030,0.984171,-0.177219,0.000169,0.177219,0.984171,-0.480906,-0.000000,-0.060000,0.000000
24,左踝侧摆,255,25,23,0.003548,0.059954,0.053042,1.000000,0.000030,-0.000169,-0.000030,1.000000,0.000752,0.000169,-0.000752,1.000000,-0.178912,-0.000000,-0.060000,0.000000
25,左脚端,255,255,24,0.003555,0.059919,0.007542,1.000000,0.000030,-0.000169,-0.000030,1.000000,0.000752,0.000169,-0.000752,1.000000,0.000000,-0.000000,-0.060000,0.000000
0,主体,255,3,255,0.000958,-0.039808,0.350000,1.000000,-0.000000,-0.000179,0.000000,1.000000,-0.000933,0.000179,0.000933,1.000000,0.000000,-0.000000,-0.060000,0.000000
1,头部,255,255,2,0.000921,-0.040000,0.555700,1.000000,-0.000000,-0.000179,0.000000,1.000000,-0.000933,0.000179,0.000933,1.000000,0.000000,-0.000000,-0.060000,0.000000
2,颈前摆,255,1,3,0.000932,-0.039945,0.497200,1.000000,-0.000000,-0.000179,0.000000,1.000000,-0.000933,0.000179,0.000933,1.000000,0.000000,-0.000000,-0.060000,0.000000
3,颈旋转,4,2,0,0.000939,-0.039905,0.454200,1.000000,-0.000000,-0.000179,0.000000,1.000000,-0.000933,0.000179,0.000933,1.000000,0.000000,-0.000000,-0.060000,0.000000
4,右大臂前摆,8,5,0,0.000939,-0.103105,0.454141,0.994206,-0.000000,-0.107489,-0.000100,1.000000,-0.000928,0.107489,0.000933,0.994206,-0.107518,-0.000000,-0.060000,0.000000
